-3.141592653589793e+00 -1.000000000000000e+00 0.000000000000000e+00
-3.110176727053895e+00 -9.995065604352938e-01 6.956224485321627e-11
-3.078760800517998e+00 -9.980267285316543e-01 1.033827468077675e-10
-3.047344873982100e+00 -9.955619647167789e-01 1.136988281302820e-10
-3.015928947446202e+00 -9.921147014238951e-01 1.094172530358151e-10
-2.984513020910304e+00 -9.876883406920138e-01 9.687595170504437e-11
-2.953097094374407e+00 -9.822872508091456e-01 8.045675237156047e-11
-2.921681167838509e+00 -9.759167620018199e-01 6.307221411816499e-11
-2.890265241302611e+00 -9.685831611751832e-01 4.655176244483528e-11
-2.858849314766713e+00 -9.602936857088848e-01 3.194133846307068e-11
-2.827433388230816e+00 -9.510565163148915e-01 1.973743390948357e-11
-2.796017461694918e+00 -9.408807689642893e-01 1.006317251750488e-11
-2.764601535159020e+00 -9.297764858910547e-01 2.802535981061283e-12
-2.733185608623122e+00 -9.177546256816794e-01 2.302602553072575e-12
-2.701769682087225e+00 -9.048270524604396e-01 5.580980122488199e-12
-2.670353755551327e+00 -8.910065241809852e-01 7.383760269874529e-12
-2.638937829015429e+00 -8.763066800358130e-01 8.051892486093948e-12
-2.607521902479531e+00 -8.607420269960495e-01 7.895573084226726e-12
-2.576105975943634e+00 -8.443279254948333e-01 7.183476036232150e-12
-2.544690049407736e+00 -8.270805742684255e-01 6.138201058547566e-12
-2.513274122871838e+00 -8.090169943700134e-01 4.936051567483446e-12
-2.481858196335940e+00 -7.901550123719826e-01 3.710032281389886e-12
-2.450442269800043e+00 -7.705132427732371e-01 2.554623179662485e-12
-2.419026343264145e+00 -7.501110696289307e-01 1.531441640167941e-12
-2.387610416728247e+00 -7.289686274207390e-01 6.753486658794827e-13
-2.356194490192349e+00 -7.071067811865506e-01 0.000000000000000e+00
-2.324778563656452e+00 -6.845471059291894e-01 4.974909373345326e-13
-2.293362637120554e+00 -6.613118653244856e-01 8.302247778146921e-13
-2.261946710584656e+00 -6.374239897497125e-01 1.018962692000969e-12
-2.230530784048758e+00 -6.129070536540691e-01 1.088573675644966e-12
-2.199114857512861e+00 -5.877852522935418e-01 1.064481836010600e-12
-2.167698930976963e+00 -5.620833778531074e-01 9.722223026642496e-13
-2.136283004441065e+00 -5.358267949798363e-01 8.349987368205802e-13
-2.104867077905167e+00 -5.090414157510488e-01 6.724620860154573e-13
-2.073451151369270e+00 -4.817536741022224e-01 5.018763182818020e-13
-2.042035224833372e+00 -4.539904997398886e-01 3.363420653101912e-13
-2.010619298297474e+00 -4.257792915652638e-01 1.854627562636324e-13
-1.979203371761576e+00 -3.971478906348421e-01 5.573319583618286e-14
-1.947787445225678e+00 -3.681245526846345e-01 4.923839114212569e-14
-1.916371518689780e+00 -3.387379202451692e-01 1.279532035880493e-13
-1.884955592153882e+00 -3.090169943747720e-01 1.812439087700568e-13
-1.853539665617984e+00 -2.789911060390238e-01 2.113309527373986e-13
-1.822123739082086e+00 -2.486898871646397e-01 2.209621374760218e-13
-1.790707812546188e+00 -2.181432413963341e-01 2.143007993282708e-13
-1.759291886010290e+00 -1.873813145855360e-01 1.945110739143274e-13
-1.727875959474392e+00 -1.564344650400708e-01 1.659783421814609e-13
-1.696460032938494e+00 -1.253332335641778e-01 1.322830733840874e-13
-1.665044106402596e+00 -9.410831331842395e-02 9.618694729596200e-14
-1.633628179866698e+00 -6.279051952925818e-02 6.097899962753672e-14
-1.602212253330800e+00 -3.141075907810575e-02 2.828987044622977e-14
-1.570796326794902e+00 -5.773159728050814e-15 6.123233995736757e-17
-1.539380400259004e+00 3.141075907809920e-02 2.342570581959080e-14
-1.507964473723106e+00 6.279051952926706e-02 4.070355164031980e-14
-1.476548547187208e+00 9.410831331845615e-02 5.261069357942461e-14
-1.445132620651310e+00 1.253332335642401e-01 5.867528685143952e-14
-1.413716694115413e+00 1.564344650401652e-01 6.020184351029911e-14
-1.382300767579515e+00 1.873813145856615e-01 5.773159728050814e-14
-1.350884841043617e+00 2.181432413964857e-01 5.159761506945415e-14
-1.319468914507719e+00 2.486898871648060e-01 4.357625371653739e-14
-1.288052987971821e+00 2.789911060391903e-01 3.380629109983602e-14
-1.256637061435923e+00 3.090169943749186e-01 2.381428387820961e-14
-1.225221134900025e+00 3.387379202452729e-01 1.348920974919565e-14
-1.193805208364127e+00 3.681245526846688e-01 4.329869796038111e-15
-1.162389281828229e+00 3.971478906347796e-01 3.719247132494274e-15
-1.130973355292331e+00 4.257792915650784e-01 1.038058528024521e-14
-1.099557428756433e+00 4.539904997395576e-01 1.537658889105842e-14
-1.068141502220535e+00 4.817536741017294e-01 1.854072451124011e-14
-1.036725575684637e+00 5.090414157503871e-01 2.009503674571533e-14
-1.005309649148739e+00 5.358267949790128e-01 2.031708135064037e-14
-9.738937226128408e-01 5.620833778521450e-01 1.842970220877760e-14
-9.424777960769428e-01 5.877852522924856e-01 1.632027846198980e-14
-9.110618695410448e-01 6.129070536529866e-01 1.387778780781446e-14
-8.796459430051469e-01 6.374239897486962e-01 1.010302952408893e-14
-8.482300164692489e-01 6.613118653236545e-01 6.106226635438361e-15
-8.168140899333509e-01 6.845471059286881e-01 2.775557561562891e-15
-7.853981633974529e-01 7.071067811865444e-01 1.110223024625157e-16
-7.539822368615550e-01 7.289686274214056e-01 2.775557561562891e-15
-7.225663103256570e-01 7.501110696304516e-01 4.884981308350689e-15
-6.911503837897590e-01 7.705132427757797e-01 6.661338147750939e-15
-6.597344572538610e-01 7.901550123756806e-01 6.994405055138486e-15
-6.283185307179631e-01 8.090169943749370e-01 7.771561172376096e-15
-5.969026041820651e-01 8.270805742745520e-01 7.438494264988549e-15
-5.654866776461671e-01 8.443279255020062e-01 6.550315845288424e-15
-5.340707511102691e-01 8.607420270039357e-01 5.773159728050814e-15
-5.026548245743712e-01 8.763066800438570e-01 4.551914400963142e-15
-4.712388980384732e-01 8.910065241883622e-01 3.663735981263017e-15
-4.398229715025753e-01 9.048270524660160e-01 1.665334536937735e-15
-4.084070449666774e-01 9.177546256839788e-01 6.661338147750939e-16
-3.769911184307795e-01 9.297764858882505e-01 6.661338147750939e-16
-3.455751918948816e-01 9.408807689542253e-01 1.332267629550188e-15
-3.141592653589836e-01 9.510565162951541e-01 1.887379141862766e-15
-2.827433388230857e-01 9.602936856769437e-01 1.887379141862766e-15
-2.513274122871878e-01 9.685831611286326e-01 2.553512956637860e-15
-2.199114857512899e-01 9.759167619387483e-01 1.887379141862766e-15
-1.884955592153920e-01 9.822872507286897e-01 1.887379141862766e-15
-1.570796326794940e-01 9.876883405951384e-01 1.443289932012704e-15
-1.256637061435961e-01 9.921147013144789e-01 1.554312234475219e-15
-9.424777960769819e-02 9.955619646030800e-01 4.440892098500626e-16
-6.283185307180025e-02 9.980267284282718e-01 4.440892098500626e-16
-3.141592653590232e-02 9.995065603657314e-01 0.000000000000000e+00
-4.385380947269368e-15 1.000000000000000e+00 4.440892098500626e-16
3.141592653589355e-02 9.995065603657320e-01 3.330669073875470e-16
6.283185307179148e-02 9.980267284282720e-01 1.110223024625157e-16
9.424777960768942e-02 9.955619646030816e-01 1.110223024625157e-15
1.256637061435874e-01 9.921147013144800e-01 1.554312234475219e-15
1.570796326794853e-01 9.876883405951400e-01 1.554312234475219e-15
1.884955592153832e-01 9.822872507286915e-01 1.998401444325282e-15
2.199114857512811e-01 9.759167619387501e-01 1.776356839400251e-15
2.513274122871790e-01 9.685831611286344e-01 2.220446049250313e-15
2.827433388230770e-01 9.602936856769464e-01 2.109423746787797e-15
3.141592653589749e-01 9.510565162951570e-01 1.998401444325282e-15
3.455751918948728e-01 9.408807689542289e-01 1.887379141862766e-15
3.769911184307707e-01 9.297764858882540e-01 9.992007221626409e-16
4.084070449666686e-01 9.177546256839824e-01 5.551115123125783e-16
4.398229715025666e-01 9.048270524660191e-01 2.331468351712829e-15
4.712388980384645e-01 8.910065241883671e-01 2.775557561562891e-15
5.026548245743624e-01 8.763066800438610e-01 4.773959005888173e-15
5.340707511102604e-01 8.607420270039401e-01 5.773159728050814e-15
5.654866776461583e-01 8.443279255020106e-01 6.772360450213455e-15
5.969026041820563e-01 8.270805742745566e-01 7.660538869913580e-15
6.283185307179543e-01 8.090169943749426e-01 7.438494264988549e-15
6.597344572538523e-01 7.901550123756855e-01 7.438494264988549e-15
6.911503837897502e-01 7.705132427757846e-01 7.327471962526033e-15
7.225663103256482e-01 7.501110696304569e-01 5.440092820663267e-15
7.539822368615462e-01 7.289686274214118e-01 2.664535259100376e-15
7.853981633974442e-01 7.071067811865506e-01 1.110223024625157e-16
8.168140899333421e-01 6.845471059286943e-01 2.664535259100376e-15
8.482300164692401e-01 6.613118653236609e-01 5.995204332975845e-15
8.796459430051381e-01 6.374239897487031e-01 1.021405182655144e-14
9.110618695410361e-01 6.129070536529924e-01 1.276756478318930e-14
9.424777960769340e-01 5.877852522924925e-01 1.609823385706477e-14
9.738937226128320e-01 5.620833778521528e-01 1.898481372109018e-14
1.005309649148730e+00 5.358267949790192e-01 1.920685832601521e-14
1.036725575684628e+00 5.090414157503942e-01 1.953992523340276e-14
1.068141502220526e+00 4.817536741017370e-01 1.831867990631508e-14
1.099557428756424e+00 4.539904997395652e-01 1.498801083243961e-14
1.130973355292322e+00 4.257792915650867e-01 1.060262988517025e-14
1.162389281828220e+00 3.971478906347878e-01 3.774758283725532e-15
1.193805208364118e+00 3.681245526846773e-01 4.107825191113079e-15
1.225221134900016e+00 3.387379202452816e-01 1.321165399303936e-14
1.256637061435914e+00 3.090169943749264e-01 2.448041769298470e-14
1.288052987971812e+00 2.789911060391983e-01 3.436140261214860e-14
1.319468914507710e+00 2.486898871648144e-01 4.374278717023117e-14
1.350884841043608e+00 2.181432413964943e-01 5.162537064506978e-14
1.382300767579506e+00 1.873813145856700e-01 5.800915303666443e-14
1.413716694115404e+00 1.564344650401748e-01 5.942468739306150e-14
1.445132620651302e+00 1.253332335642492e-01 5.836997551966760e-14
1.476548547187200e+00 9.410831331846481e-02 5.279110482092619e-14
1.507964473723098e+00 6.279051952927617e-02 4.045375145977914e-14
1.539380400258996e+00 3.141075907810720e-02 2.430694534538702e-14
1.570796326794893e+00 2.664535259100376e-15 5.053215498074302e-16
1.602212253330791e+00 -3.141075907809776e-02 2.740863092043355e-14
1.633628179866689e+00 -6.279051952924919e-02 6.110389971780705e-14
1.665044106402587e+00 -9.410831331841407e-02 9.721390359374027e-14
1.696460032938485e+00 -1.253332335641686e-01 1.326716514427062e-13
1.727875959474383e+00 -1.564344650400612e-01 1.667554982986985e-13
1.759291886010281e+00 -1.873813145855283e-01 1.934563620409335e-13
1.790707812546179e+00 -2.181432413963258e-01 2.139677324208833e-13
1.822123739082077e+00 -2.486898871646330e-01 2.190192471829278e-13
1.853539665617975e+00 -2.789911060390136e-01 2.129962872743363e-13
1.884955592153873e+00 -3.090169943747645e-01 1.803557303503567e-13
1.916371518689771e+00 -3.387379202451606e-01 1.282862704954368e-13
1.947787445225669e+00 -3.681245526846252e-01 5.029310301551959e-14
1.979203371761567e+00 -3.971478906348345e-01 5.623279619726418e-14
2.010619298297465e+00 -4.257792915652550e-01 1.846300889951635e-13
2.042035224833363e+00 -4.539904997398802e-01 3.357869537978786e-13
2.073451151369261e+00 -4.817536741022145e-01 5.017652959793395e-13
2.104867077905158e+00 -5.090414157510431e-01 6.744604874597826e-13
2.136283004441056e+00 -5.358267949798289e-01 8.349987368205802e-13
2.167698930976954e+00 -5.620833778531014e-01 9.736655925962623e-13
2.199114857512852e+00 -5.877852522935351e-01 1.064925925220450e-12
2.230530784048749e+00 -6.129070536540626e-01 1.089128787157279e-12
2.261946710584647e+00 -6.374239897497042e-01 1.017519402068956e-12
2.293362637120545e+00 -6.613118653244783e-01 8.295586439999170e-13
2.324778563656443e+00 -6.845471059291837e-01 4.981570711493077e-13
2.356194490192340e+00 -7.071067811865445e-01 1.110223024625157e-16
2.387610416728238e+00 -7.289686274207330e-01 6.753486658794827e-13
2.419026343264136e+00 -7.501110696289248e-01 1.531441640167941e-12
2.450442269800034e+00 -7.705132427732326e-01 2.553401934335398e-12
2.481858196335931e+00 -7.901550123719763e-01 3.710920459809586e-12
2.513274122871829e+00 -8.090169943700082e-01 4.936051567483446e-12
2.544690049407727e+00 -8.270805742684197e-01 6.138978214664803e-12
2.576105975943625e+00 -8.443279254948262e-01 7.185807504583863e-12
2.607521902479522e+00 -8.607420269960454e-01 7.895240017319338e-12
2.638937829015420e+00 -8.763066800358097e-01 8.050893285371785e-12
2.670353755551318e+00 -8.910065241809797e-01 7.385314582109004e-12
2.701769682087216e+00 -9.048270524604372e-01 5.579647854858649e-12
2.733185608623113e+00 -9.177546256816737e-01 2.304822999121825e-12
2.764601535159011e+00 -9.297764858910529e-01 2.803979270993295e-12
2.796017461694909e+00 -9.408807689642845e-01 1.006139616066548e-11
2.827433388230807e+00 -9.510565163148920e-01 1.974065355625498e-11
2.858849314766705e+00 -9.602936857088865e-01 3.194555731056425e-11
2.890265241302602e+00 -9.685831611751792e-01 4.654998608799588e-11
2.921681167838500e+00 -9.759167620018208e-01 6.307510069802902e-11
2.953097094374398e+00 -9.822872508091411e-01 8.045397681399890e-11
2.984513020910296e+00 -9.876883406920152e-01 9.687872726260593e-11
3.015928947446193e+00 -9.921147014238934e-01 1.094165869020003e-10
3.047344873982091e+00 -9.955619647167775e-01 1.136982730187697e-10
3.078760800517989e+00 -9.980267285316533e-01 1.033823027185576e-10
3.110176727053887e+00 -9.995065604352948e-01 6.956357712084582e-11
3.141592653589784e+00 -1.000000000000003e+00 2.886579864025407e-15
