9.957341762950345e-01 3.877898360005627e-02 3.538835890992687e-16
9.857768345320841e-01 2.670609627356625e-02 1.282912890413572e-02
9.758194927691337e-01 2.925514608188605e-02 1.105834442107984e-02
9.658621510061833e-01 3.765801921541506e-02 3.456610959006866e-03
9.559048092432330e-01 4.669798851610132e-02 4.758452935417289e-03
9.459474674802826e-01 5.364360354053120e-02 1.085446231285408e-02
9.359901257173322e-01 5.743144236226710e-02 1.376701514316601e-02
9.260327839543818e-01 5.805135079237687e-02 1.348492889093360e-02
9.160754421914314e-01 5.609478961826302e-02 1.059858493244207e-02
9.061181004284811e-01 5.243304688828694e-02 5.978137828341362e-03
8.961607586655307e-01 4.799743575537432e-02 5.537099507752427e-04
8.862034169025803e-01 4.363826763309357e-02 4.825638797115193e-03
8.762460751396299e-01 4.004343768654307e-02 9.473329163868088e-03
8.662887333766796e-01 3.770095124175661e-02 1.290274006915789e-02
8.563313916137292e-01 3.689271619761401e-02 1.483342039590341e-02
8.463740498507788e-01 3.770948336500822e-02 1.517615315182012e-02
8.364167080878284e-01 4.007898435012684e-02 1.400482240694208e-02
8.264593663248780e-01 4.380114109825173e-02 1.152120891609897e-02
8.165020245619277e-01 4.858574424133939e-02 8.017317310661874e-03
8.065446827989773e-01 5.408925673221209e-02 3.838578406689316e-03
7.965873410360269e-01 5.994842903698126e-02 6.497596095846742e-04
7.866299992730765e-01 6.580924315302100e-02 5.091568350837773e-03
7.766726575101262e-01 7.135036255637392e-02 9.163281817710027e-03
7.667153157471758e-01 7.630077861090852e-02 1.259153489826982e-02
7.567579739842254e-01 8.045173308687610e-02 1.516507738000038e-02
7.468006322212750e-01 8.366328089152425e-02 1.674132752741606e-02
7.368432904583246e-01 8.586605432073897e-02 1.724812648037297e-02
7.268859486953743e-01 8.705891545768617e-02 1.668138004039252e-02
7.169286069324239e-01 8.730325025650823e-02 1.509934131924444e-02
7.069712651694735e-01 8.671467813186655e-02 1.261430800116919e-02
6.970139234065231e-01 8.545293475072713e-02 9.382491839651758e-03
6.870565816435728e-01 8.371064200542502e-02 5.592774285717583e-03
6.770992398806224e-01 8.170161537843544e-02 1.454998369003119e-03
6.671418981176720e-01 7.964928148500712e-02 2.811630479089541e-03
6.571845563547216e-01 7.777569286682164e-02 6.989547692084985e-03
6.472272145917712e-01 7.629153755549438e-02 1.087283952009828e-02
6.372698728288209e-01 7.538745115792288e-02 1.427595203784866e-02
6.273125310658705e-01 7.522685214005258e-02 1.704087866587600e-02
6.173551893029201e-01 7.594043886666074e-02 1.904268779138603e-02
6.073978475399697e-01 7.762241149794727e-02 2.019332754308531e-02
5.974405057770193e-01 8.032841426831433e-02 2.044371236132997e-02
5.874831640140690e-01 8.407513477827996e-02 1.978415491121764e-02
5.775258222511186e-01 8.884144715787176e-02 1.824325667084960e-02
5.675684804881682e-01 9.457094544677716e-02 1.588541105193854e-02
5.576111387252178e-01 1.011756821678470e-01 1.280710429003319e-02
5.476537969622675e-01 1.085409045238086e-01 9.132221898861204e-03
5.376964551993171e-01 1.165305664334292e-01 5.006582705858492e-03
5.277391134363667e-01 1.249933881243708e-01 5.919289915596593e-04
5.177817716734163e-01 1.337692355001066e-01 3.940399241396303e-03
5.078244299104660e-01 1.426955982139525e-01 8.415884561121828e-03
4.978670881475156e-01 1.516139574883527e-01 1.266313776582800e-02
4.879097463845653e-01 1.603758513655236e-01 1.651989637908213e-02
4.779524046216150e-01 1.688484654187032e-01 1.983854382200506e-02
4.679950628586647e-01 1.769196001591656e-01 2.249100035309934e-02
4.580377210957143e-01 1.845018916395438e-01 2.437286219545007e-02
4.480803793327640e-01 1.915361883162163e-01 2.540669192267323e-02
4.381230375698137e-01 1.979940143798497e-01 2.554439044384485e-02
4.281656958068634e-01 2.038790768382688e-01 2.476860816756707e-02
4.182083540439130e-01 2.092278000471213e-01 2.309317955528681e-02
4.082510122809627e-01 2.141088966055674e-01 2.056259078254957e-02
3.982936705180124e-01 2.186220071099244e-01 1.725051417524223e-02
3.883363287550621e-01 2.228954628016390e-01 1.325746511169212e-02
3.783789869921118e-01 2.270832443413069e-01 8.707656891641963e-03
3.684216452291614e-01 2.313612265410398e-01 3.745146455437221e-03
3.584643034662111e-01 2.359228127139564e-01 1.470621348952039e-03
3.485069617032608e-01 2.409740732370690e-01 6.769751075427627e-03
3.385496199403105e-01 2.467285109185814e-01 1.197718614732982e-02
3.285922781773601e-01 2.534015808159654e-01 1.691821409043592e-02
3.186349364144098e-01 2.612050943231671e-01 2.142404660592179e-02
3.086775946514595e-01 2.703416367378614e-01 2.533733128485888e-02
2.987202528885092e-01 2.809991242796335e-01 2.851745152582108e-02
2.887629111255589e-01 2.933456208416965e-01 3.084547274974381e-02
2.788055693626085e-01 3.075245268389523e-01 3.222859603406880e-02
2.688482275996582e-01 3.236502426073427e-01 3.260398454064795e-02
2.588908858367079e-01 3.418043971785393e-01 3.194183335683914e-02
2.489335440737575e-01 3.620327201812431e-01 3.024755945820790e-02
2.389762023108072e-01 3.843426203978757e-01 2.756299542976731e-02
2.290188605478568e-01 4.087015194314830e-01 2.396647857027234e-02
2.190615187849065e-01 4.350359733116667e-01 1.957173659626205e-02
2.091041770219561e-01 4.632315989865571e-01 1.452548335434972e-02
1.991468352590058e-01 4.931338067989832e-01 9.003654324903410e-03
1.891894934960554e-01 5.245493245064621e-01 3.206234565621635e-03
1.792321517331051e-01 5.572484834389214e-01 2.649335768684313e-03
1.692748099701547e-01 5.909682232394898e-01 8.336147126867588e-03
1.593174682072044e-01 6.254157585257216e-01 1.362710204407280e-02
1.493601264442540e-01 6.602728389412462e-01 1.830530985894863e-02
1.394027846813037e-01 6.952005236157356e-01 2.217529832162524e-02
1.294454429183533e-01 7.298443821618462e-01 2.507460398588701e-02
1.194881011554030e-01 7.638400271306381e-01 2.688513717418228e-02
1.095307593924526e-01 7.968188774121442e-01 2.754353833709089e-02
9.957341762950228e-02 8.284140484656577e-01 2.704957316186796e-02
8.961607586655193e-02 8.582662635258299e-01 2.547148909521524e-02
7.965873410360158e-02 8.860296800571675e-01 2.294722357778145e-02
6.970139234065123e-02 9.113775276936303e-01 1.968046866258277e-02
5.974405057770089e-02 9.340074576465360e-01 1.593090727427782e-02
4.978670881475054e-02 9.536465090111858e-01 1.199846938460758e-02
3.982936705180020e-02 9.700556044438289e-01 8.202193248612821e-03
2.987202528884986e-02 9.830334961860854e-01 4.855136639904889e-03
1.991468352589951e-02 9.924200932330187e-01 2.237619281142633e-03
9.957341762949169e-03 9.980991114043043e-01 5.716989357068547e-04
-1.176142516712275e-15 9.999999999999998e-01 2.220446049250313e-16
-9.957341762951521e-03 9.980991114043033e-01 5.716989357069657e-04
-1.991468352590187e-02 9.924200932330170e-01 2.237619281143299e-03
-2.987202528885221e-02 9.830334961860834e-01 4.855136639906332e-03
-3.982936705180255e-02 9.700556044438258e-01 8.202193248614043e-03
-4.978670881475290e-02 9.536465090111823e-01 1.199846938460925e-02
-5.974405057770324e-02 9.340074576465317e-01 1.593090727427948e-02
-6.970139234065359e-02 9.113775276936252e-01 1.968046866258422e-02
-7.965873410360394e-02 8.860296800571621e-01 2.294722357778301e-02
-8.961607586655429e-02 8.582662635258241e-01 2.547148909521679e-02
-9.957341762950464e-02 8.284140484656514e-01 2.704957316186918e-02
-1.095307593924550e-01 7.968188774121374e-01 2.754353833709167e-02
-1.194881011554053e-01 7.638400271306307e-01 2.688513717418239e-02
-1.294454429183557e-01 7.298443821618388e-01 2.507460398588723e-02
-1.394027846813060e-01 6.952005236157281e-01 2.217529832162524e-02
-1.493601264442564e-01 6.602728389412384e-01 1.830530985894807e-02
-1.593174682072067e-01 6.254157585257143e-01 1.362710204407258e-02
-1.692748099701571e-01 5.909682232394821e-01 8.336147126866589e-03
-1.792321517331074e-01 5.572484834389138e-01 2.649335768683203e-03
-1.891894934960578e-01 5.245493245064548e-01 3.206234565622745e-03
-1.991468352590081e-01 4.931338067989762e-01 9.003654324904464e-03
-2.091041770219585e-01 4.632315989865505e-01 1.452548335435072e-02
-2.190615187849088e-01 4.350359733116603e-01 1.957173659626299e-02
-2.290188605478592e-01 4.087015194314769e-01 2.396647857027345e-02
-2.389762023108095e-01 3.843426203978698e-01 2.756299542976853e-02
-2.489335440737599e-01 3.620327201812376e-01 3.024755945820884e-02
-2.588908858367102e-01 3.418043971785342e-01 3.194183335683992e-02
-2.688482275996605e-01 3.236502426073379e-01 3.260398454064872e-02
-2.788055693626109e-01 3.075245268389480e-01 3.222859603406936e-02
-2.887629111255612e-01 2.933456208416926e-01 3.084547274974420e-02
-2.987202528885115e-01 2.809991242796299e-01 2.851745152582141e-02
-3.086775946514618e-01 2.703416367378583e-01 2.533733128485888e-02
-3.186349364144122e-01 2.612050943231642e-01 2.142404660592168e-02
-3.285922781773625e-01 2.534015808159629e-01 1.691821409043565e-02
-3.385496199403128e-01 2.467285109185791e-01 1.197718614732946e-02
-3.485069617032631e-01 2.409740732370671e-01 6.769751075427155e-03
-3.584643034662134e-01 2.359228127139547e-01 1.470621348951456e-03
-3.684216452291638e-01 2.313612265410381e-01 3.745146455437803e-03
-3.783789869921141e-01 2.270832443413054e-01 8.707656891642573e-03
-3.883363287550644e-01 2.228954628016376e-01 1.325746511169262e-02
-3.982936705180147e-01 2.186220071099231e-01 1.725051417524276e-02
-4.082510122809651e-01 2.141088966055662e-01 2.056259078255016e-02
-4.182083540439154e-01 2.092278000471199e-01 2.309317955528717e-02
-4.281656958068657e-01 2.038790768382676e-01 2.476860816756749e-02
-4.381230375698160e-01 1.979940143798485e-01 2.554439044384516e-02
-4.480803793327663e-01 1.915361883162151e-01 2.540669192267345e-02
-4.580377210957167e-01 1.845018916395426e-01 2.437286219545023e-02
-4.679950628586670e-01 1.769196001591643e-01 2.249100035309937e-02
-4.779524046216173e-01 1.688484654187018e-01 1.983854382200495e-02
-4.879097463845676e-01 1.603758513655223e-01 1.651989637908199e-02
-4.978670881475180e-01 1.516139574883515e-01 1.266313776582786e-02
-5.078244299104683e-01 1.426955982139513e-01 8.415884561121662e-03
-5.177817716734187e-01 1.337692355001053e-01 3.940399241396025e-03
-5.277391134363690e-01 1.249933881243696e-01 5.919289915598536e-04
-5.376964551993194e-01 1.165305664334282e-01 5.006582705858631e-03
-5.476537969622698e-01 1.085409045238076e-01 9.132221898861356e-03
-5.576111387252202e-01 1.011756821678460e-01 1.280710429003341e-02
-5.675684804881705e-01 9.457094544677629e-02 1.588541105193861e-02
-5.775258222511209e-01 8.884144715787100e-02 1.824325667084958e-02
-5.874831640140713e-01 8.407513477827930e-02 1.978415491121757e-02
-5.974405057770217e-01 8.032841426831377e-02 2.044371236132980e-02
-6.073978475399721e-01 7.762241149794681e-02 2.019332754308509e-02
-6.173551893029224e-01 7.594043886666038e-02 1.904268779138575e-02
-6.273125310658728e-01 7.522685214005231e-02 1.704087866587563e-02
-6.372698728288232e-01 7.538745115792263e-02 1.427595203784832e-02
-6.472272145917736e-01 7.629153755549416e-02 1.087283952009793e-02
-6.571845563547240e-01 7.777569286682144e-02 6.989547692084638e-03
-6.671418981176743e-01 7.964928148500691e-02 2.811630479089236e-03
-6.770992398806247e-01 8.170161537843516e-02 1.454998369003341e-03
-6.870565816435751e-01 8.371064200542472e-02 5.592774285717764e-03
-6.970139234065255e-01 8.545293475072674e-02 9.382491839651827e-03
-7.069712651694758e-01 8.671467813186605e-02 1.261430800116914e-02
-7.169286069324262e-01 8.730325025650765e-02 1.509934131924429e-02
-7.268859486953766e-01 8.705891545768545e-02 1.668138004039221e-02
-7.368432904583270e-01 8.586605432073807e-02 1.724812648037247e-02
-7.468006322212773e-01 8.366328089152330e-02 1.674132752741550e-02
-7.567579739842277e-01 8.045173308687505e-02 1.516507737999970e-02
-7.667153157471781e-01 7.630077861090740e-02 1.259153489826904e-02
-7.766726575101285e-01 7.135036255637282e-02 9.163281817709285e-03
-7.866299992730789e-01 6.580924315301990e-02 5.091568350837017e-03
-7.965873410360292e-01 5.994842903698026e-02 6.497596095840011e-04
-8.065446827989796e-01 5.408925673221122e-02 3.838578406689872e-03
-8.165020245619300e-01 4.858574424133874e-02 8.017317310662214e-03
-8.264593663248804e-01 4.380114109825133e-02 1.152120891609908e-02
-8.364167080878308e-01 4.007898435012673e-02 1.400482240694190e-02
-8.463740498507811e-01 3.770948336500846e-02 1.517615315181961e-02
-8.563313916137315e-01 3.689271619761451e-02 1.483342039590264e-02
-8.662887333766819e-01 3.770095124175741e-02 1.290274006915684e-02
-8.762460751396323e-01 4.004343768654399e-02 9.473329163866930e-03
-8.862034169025826e-01 4.363826763309459e-02 4.825638797113931e-03
-8.961607586655330e-01 4.799743575537524e-02 5.537099507764015e-04
-9.061181004284834e-01 5.243304688828765e-02 5.978137828342292e-03
-9.160754421914338e-01 5.609478961826327e-02 1.059858493244253e-02
-9.260327839543842e-01 5.805135079237653e-02 1.348492889093346e-02
-9.359901257173345e-01 5.743144236226604e-02 1.376701514316515e-02
-9.459474674802849e-01 5.364360354052948e-02 1.085446231285256e-02
-9.559048092432353e-01 4.669798851609904e-02 4.758452935415200e-03
-9.658621510061857e-01 3.765801921541268e-02 3.456610959009059e-03
-9.758194927691360e-01 2.925514608188458e-02 1.105834442108112e-02
-9.857768345320864e-01 2.670609627356714e-02 1.282912890413464e-02
-9.957341762950368e-01 3.877898360006211e-02 5.655198531684391e-15
