   0.0000000e+00  -7.6603858e+00  -6.7518994e-02   1.7527015e+00   5.3538816e+00   6.1989255e-01   1.3223877e+01   1.9446380e+03
   3.8380053e-02  -7.6603012e+00  -6.7526041e-02   1.7525610e+00   5.3538819e+00   6.1919238e-01   1.3224021e+01   1.9444349e+03
   7.6760106e-02  -7.6602845e+00  -6.7534973e-02   1.7524203e+00   5.3538822e+00   6.1849310e-01   1.3224048e+01   1.9441774e+03
   1.1514016e-01  -7.6603006e+00  -6.7545646e-02   1.7522796e+00   5.3538826e+00   6.1779472e-01   1.3224017e+01   1.9438698e+03
   2.5063224e-01  -7.6604276e+00  -6.7597689e-02   1.7517816e+00   5.3538851e+00   6.1533921e-01   1.3223779e+01   1.9423711e+03
   3.8612433e-01  -7.6605666e+00  -6.7661575e-02   1.7512823e+00   5.3538889e+00   6.1289470e-01   1.3223510e+01   1.9405339e+03
   5.2161641e-01  -7.6607028e+00  -6.7734221e-02   1.7507817e+00   5.3538939e+00   6.1046132e-01   1.3223238e+01   1.9384484e+03
   1.0024322e+00  -7.6611316e+00  -6.8038817e-02   1.7489915e+00   5.3539251e+00   6.0194910e-01   1.3222262e+01   1.9297439e+03
   1.4832480e+00  -7.6615018e+00  -6.8371492e-02   1.7471863e+00   5.3539712e+00   5.9357108e-01   1.3221276e+01   1.9203155e+03
   1.9640638e+00  -7.6618136e+00  -6.8721496e-02   1.7453663e+00   5.3540320e+00   5.8532716e-01   1.3220280e+01   1.9104840e+03
   3.2283191e+00  -7.6622802e+00  -6.9714815e-02   1.7404953e+00   5.3542810e+00   5.6446147e-01   1.3217598e+01   1.8830566e+03
   4.4925744e+00  -7.6623795e+00  -7.0781977e-02   1.7355389e+00   5.3546232e+00   5.4444584e-01   1.3214847e+01   1.8543870e+03
   5.7568297e+00  -7.6621235e+00  -7.1923070e-02   1.7305037e+00   5.3550555e+00   5.2525652e-01   1.3212027e+01   1.8246187e+03
   1.0542710e+01  -7.6584960e+00  -7.6861855e-02   1.7109307e+00   5.3573663e+00   4.5885930e-01   1.3200793e+01   1.7056344e+03
   1.5328591e+01  -7.6508281e+00  -8.2889001e-02   1.6906762e+00   5.3607025e+00   4.0207467e-01   1.3188611e+01   1.5792662e+03
   2.0114471e+01  -7.6396360e+00  -9.0079618e-02   1.6700079e+00   5.3649127e+00   3.5373384e-01   1.3175595e+01   1.4504585e+03
   2.4900352e+01  -7.6254100e+00  -9.8527163e-02   1.6491713e+00   5.3698467e+00   3.1265883e-01   1.3161907e+01   1.3231370e+03
   3.1477330e+01  -7.6015536e+00  -1.1239029e-01   1.6206125e+00   5.3775820e+00   2.6627487e-01   1.3142416e+01   1.1558185e+03
   3.8054307e+01  -7.5733632e+00  -1.2915398e-01   1.5925535e+00   5.3861615e+00   2.2940081e-01   1.3122855e+01   1.0017821e+03
   4.4631285e+01  -7.5413008e+00  -1.4919366e-01   1.5653512e+00   5.3953654e+00   2.0013291e-01   1.3104068e+01   8.6345306e+02
   5.1208263e+01  -7.5056139e+00  -1.7295720e-01   1.5392744e+00   5.4050385e+00   1.7701427e-01   1.3086895e+01   7.4136943e+02
   5.7785240e+01  -7.4664116e+00  -2.0097258e-01   1.5145285e+00   5.4150759e+00   1.5892642e-01   1.3072133e+01   6.3492208e+02
   6.9188319e+01  -7.3901110e+00  -2.6143583e-01   1.4752089e+00   5.4331732e+00   1.3711995e-01   1.3054358e+01   4.8376366e+02
   8.0591397e+01  -7.3037011e+00  -3.4022545e-01   1.4409226e+00   5.4520307e+00   1.2438961e-01   1.3048198e+01   3.6828561e+02
   9.1994475e+01  -7.2080151e+00  -4.4247176e-01   1.4118562e+00   5.4717610e+00   1.1836279e-01   1.3053365e+01   2.8044469e+02
   1.0137381e+02  -7.1227049e+00  -5.5160660e-01   1.3916145e+00   5.4889689e+00   1.1735687e-01   1.3064506e+01   2.2308403e+02
   1.1075315e+02  -7.0307338e+00  -6.9013368e-01   1.3741122e+00   5.5075992e+00   1.1946548e-01   1.3080465e+01   1.7672702e+02
   1.2013248e+02  -6.9304768e+00  -8.7061676e-01   1.3584429e+00   5.5284791e+00   1.2448918e-01   1.3099796e+01   1.3873823e+02
   1.2748616e+02  -6.8439400e+00  -1.0566425e+00   1.3464881e+00   5.5473001e+00   1.3049580e-01   1.3116554e+01   1.1334856e+02
   1.3483984e+02  -6.7468851e+00  -1.3033339e+00   1.3334845e+00   5.5695584e+00   1.3857599e-01   1.3134513e+01   9.1010483e+01
   1.4072112e+02  -6.6580805e+00  -1.5672195e+00   1.3210405e+00   5.5911485e+00   1.4684853e-01   1.3150034e+01   7.5007990e+01
   1.4660240e+02  -6.5543130e+00  -1.9244145e+00   1.3050015e+00   5.6180383e+00   1.5723501e-01   1.3167087e+01   6.0434594e+01
   1.5128750e+02  -6.4562122e+00  -2.3101595e+00   1.2879644e+00   5.6452435e+00   1.6752538e-01   1.3182424e+01   4.9827090e+01
   1.5597259e+02  -6.3381735e+00  -2.8354056e+00   1.2648616e+00   5.6804971e+00   1.8032472e-01   1.3200012e+01   4.0087374e+01
   1.6065768e+02  -6.1913781e+00  -3.5717286e+00   1.2323753e+00   5.7285433e+00   1.9674607e-01   1.3220793e+01   3.1316749e+01
   1.6442576e+02  -6.0440353e+00  -4.3879076e+00   1.1961633e+00   5.7819188e+00   2.1378649e-01   1.3240539e+01   2.5074887e+01
   1.6819383e+02  -5.8605798e+00  -5.4861464e+00   1.1468660e+00   5.8564301e+00   2.3601321e-01   1.3263007e+01   1.9636537e+01
   1.7196191e+02  -5.6293382e+00  -6.9525665e+00   1.0795096e+00   5.9645852e+00   2.6622192e-01   1.3286961e+01   1.5073110e+01
   1.7572998e+02  -5.3369045e+00  -8.8699304e+00   9.8853017e-01   6.1267883e+00   3.0931712e-01   1.3308926e+01   1.1389996e+01
   1.7949805e+02  -4.9684347e+00  -1.1321764e+01   8.6978188e-01   6.3755361e+00   3.7441478e-01   1.3323459e+01   8.4966210e+00
   1.8258156e+02  -4.5982225e+00  -1.3797984e+01   7.5235225e-01   6.6775912e+00   4.5567131e-01   1.3327327e+01   6.6156053e+00
   1.8513990e+02  -4.2374969e+00  -1.6066971e+01   6.4516616e-01   7.0215969e+00   5.5546569e-01   1.3327271e+01   5.3821139e+00
   1.8769824e+02  -3.8341227e+00  -1.7957422e+01   5.3876112e-01   7.4612479e+00   7.0317373e-01   1.3330580e+01   4.5168555e+00
   1.9025658e+02  -3.4180968e+00  -1.8687484e+01   4.4450800e-01   7.9742941e+00   9.2309322e-01   1.3334670e+01   4.0443750e+00
   1.9281491e+02  -3.0322346e+00  -1.8205382e+01   3.6999001e-01   8.5029192e+00   1.2416122e+00   1.3334474e+01   3.8688150e+00
   1.9537325e+02  -2.7089780e+00  -1.7097345e+01   3.1621290e-01   8.9818247e+00   1.6761133e+00   1.3333157e+01   3.8672222e+00
   1.9793159e+02  -2.4621907e+00  -1.5868624e+01   2.8003377e-01   9.3676696e+00   2.2242493e+00   1.3333111e+01   3.9593013e+00
   2.0048993e+02  -2.2904709e+00  -1.4760892e+01   2.5717443e-01   9.6459769e+00   2.8613222e+00   1.3333473e+01   4.1013736e+00
   2.0318293e+02  -2.1807687e+00  -1.3807798e+01   2.4349972e-01   9.8279862e+00   3.5847209e+00   1.3333304e+01   4.2785137e+00
   2.0587593e+02  -2.1306179e+00  -1.3070133e+01   2.3746212e-01   9.9122518e+00   4.3127074e+00   1.3333140e+01   4.4688012e+00
   2.0856894e+02  -2.1277173e+00  -1.2514728e+01   2.3710629e-01   9.9170852e+00   5.0036890e+00   1.3333353e+01   4.6640729e+00
   2.1126194e+02  -2.1616654e+00  -1.2103987e+01   2.4117666e-01   9.8599563e+00   5.6310034e+00   1.3333434e+01   4.8597558e+00
   2.1395494e+02  -2.2233360e+00  -1.1803469e+01   2.4872939e-01   9.7570097e+00   6.1817545e+00   1.3333298e+01   5.0531249e+00
   2.1664795e+02  -2.3048115e+00  -1.1583300e+01   2.5902137e-01   9.6224769e+00   6.6527445e+00   1.3333285e+01   5.2429541e+00
   2.2047903e+02  -2.4426698e+00  -1.1360831e+01   2.7734485e-01   9.3988439e+00   7.1902041e+00   1.3333358e+01   5.5074310e+00
   2.2431011e+02  -2.5946038e+00  -1.1196207e+01   2.9893632e-01   9.1584319e+00   7.5899161e+00   1.3333370e+01   5.7693476e+00
   2.2814120e+02  -2.7521144e+00  -1.1049466e+01   3.2292535e-01   8.9161236e+00   7.8743730e+00   1.3333320e+01   6.0360221e+00
   2.3197228e+02  -2.9102485e+00  -1.0890889e+01   3.4874234e-01   8.6801607e+00   8.0636328e+00   1.3333313e+01   6.3175056e+00
   2.3580337e+02  -3.0666265e+00  -1.0697299e+01   3.7607624e-01   8.4542580e+00   8.1738673e+00   1.3333329e+01   6.6267514e+00
   2.3963445e+02  -3.2206251e+00  -1.0449190e+01   4.0483769e-01   8.2392629e+00   8.2179488e+00   1.3333318e+01   6.9806001e+00
   2.4662795e+02  -3.4984455e+00  -9.7970033e+00   4.6160998e-01   7.8708117e+00   8.1601716e+00   1.3333292e+01   7.8233918e+00
   2.5362145e+02  -3.7856518e+00  -8.7863717e+00   5.2731150e-01   7.5172139e+00   7.9556877e+00   1.3333248e+01   9.1590746e+00
   2.6061495e+02  -4.1071928e+00  -7.2912641e+00   6.0985203e-01   7.1556374e+00   7.6222253e+00   1.3333164e+01   1.1625127e+01
   2.6760845e+02  -4.4897233e+00  -5.3651340e+00   7.2097306e-01   6.7742917e+00   7.1621122e+00   1.3332846e+01   1.6749030e+01
   2.7460195e+02  -4.9357129e+00  -3.5736479e+00   8.6837394e-01   6.3979847e+00   6.5777884e+00   1.3331694e+01   2.6807737e+01
   2.8034552e+02  -5.3210339e+00  -2.6269903e+00   1.0100281e+00   6.1317420e+00   6.0175464e+00   1.3328715e+01   3.8417554e+01
   2.8608909e+02  -5.6870834e+00  -2.0594906e+00   1.1543936e+00   5.9271933e+00   5.4136812e+00   1.3322260e+01   5.1354835e+01
   2.8795531e+02  -5.7970854e+00  -1.9002555e+00   1.1990908e+00   5.8743556e+00   5.2143370e+00   1.3319345e+01   5.6420510e+01
   2.8982154e+02  -5.9037413e+00  -1.7365420e+00   1.2427956e+00   5.8266971e+00   5.0149265e+00   1.3315983e+01   6.2546209e+01
   2.9168776e+02  -6.0076561e+00  -1.5641836e+00   1.2856101e+00   5.7834782e+00   4.8159717e+00   1.3312241e+01   7.0308475e+01
   2.9355398e+02  -6.1090230e+00  -1.3821944e+00   1.3274752e+00   5.7442114e+00   4.6180316e+00   1.3308181e+01   8.0524121e+01
   2.9542021e+02  -6.2079805e+00  -1.1932297e+00   1.3683287e+00   5.7084634e+00   4.4216677e+00   1.3303902e+01   9.4357663e+01
   2.9728643e+02  -6.3046974e+00  -1.0037339e+00   1.4081430e+00   5.6758173e+00   4.2273972e+00   1.3299547e+01   1.1342610e+02
   3.0067239e+02  -6.4743704e+00  -6.8600219e-01   1.4773565e+00   5.6235094e+00   3.8819448e+00   1.3291720e+01   1.6917660e+02
   3.0405835e+02  -6.6351997e+00  -4.4361863e-01   1.5417028e+00   5.5789774e+00   3.5483413e+00   1.3284726e+01   2.6632518e+02
   3.0696020e+02  -6.7638768e+00  -3.0875283e-01   1.5917435e+00   5.5463013e+00   3.2745978e+00   1.3279655e+01   3.8808372e+02
   3.0913415e+02  -6.8537368e+00  -2.4497631e-01   1.6256299e+00   5.5247596e+00   3.0780524e+00   1.3276555e+01   4.9390088e+02
   3.1130809e+02  -6.9375519e+00  -2.0147467e-01   1.6561950e+00   5.5054562e+00   2.8895814e+00   1.3273961e+01   6.0597589e+02
   3.1348204e+02  -7.0152421e+00  -1.7082248e-01   1.6834118e+00   5.4881201e+00   2.7095996e+00   1.3271822e+01   7.2066069e+02
   3.1565598e+02  -7.0869116e+00  -1.4808827e-01   1.7073530e+00   5.4725031e+00   2.5383591e+00   1.3270064e+01   8.3763400e+02
   3.1863671e+02  -7.1758508e+00  -1.2341859e-01   1.7351316e+00   5.4534888e+00   2.3179919e+00   1.3268101e+01   1.0145142e+03
   3.2161744e+02  -7.2545895e+00  -1.0602910e-01   1.7574681e+00   5.4368636e+00   2.1141590e+00   1.3266494e+01   1.1906445e+03
   3.2459817e+02  -7.3238759e+00  -9.4043294e-02   1.7748532e+00   5.4223037e+00   1.9264853e+00   1.3265036e+01   1.3520525e+03
   3.2757891e+02  -7.3844729e+00  -8.5535671e-02   1.7877945e+00   5.4095677e+00   1.7543638e+00   1.3263558e+01   1.4958015e+03
   3.3330898e+02  -7.4797213e+00  -7.2885970e-02   1.8022472e+00   5.3894390e+00   1.4639093e+00   1.3260458e+01   1.7724197e+03
   3.3903905e+02  -7.5505274e+00  -6.6427178e-02   1.8053262e+00   5.3744336e+00   1.2214029e+00   1.3256232e+01   1.9584084e+03
   3.4360291e+02  -7.5921196e+00  -6.4166352e-02   1.8013661e+00   5.3657287e+00   1.0583214e+00   1.3251722e+01   2.0354695e+03
   3.4816676e+02  -7.6228202e+00  -6.3128295e-02   1.7930778e+00   5.3595076e+00   9.1816978e-01   1.3246222e+01   2.0747205e+03
   3.5273062e+02  -7.6443062e+00  -6.3165506e-02   1.7814160e+00   5.3554700e+00   7.9790379e-01   1.3239683e+01   2.0772127e+03
   3.5729447e+02  -7.6580098e+00  -6.4505203e-02   1.7671563e+00   5.3533372e+00   6.9479966e-01   1.3232081e+01   2.0359816e+03
   3.6455883e+02  -7.6665991e+00  -6.9325610e-02   1.7405323e+00   5.3532830e+00   5.6052405e-01   1.3217663e+01   1.8944590e+03
   3.7182320e+02  -7.6625253e+00  -7.6623082e-02   1.7108384e+00   5.3564750e+00   4.5575063e-01   1.3200604e+01   1.7116247e+03
   3.7908756e+02  -7.6488386e+00  -8.5732216e-02   1.6795441e+00   5.3621004e+00   3.7389312e-01   1.3181344e+01   1.5259372e+03
   3.8635192e+02  -7.6276830e+00  -9.7955281e-02   1.6476852e+00   5.3695264e+00   3.0989931e-01   1.3160478e+01   1.3310559e+03
   3.9361628e+02  -7.6005144e+00  -1.1406653e-01   1.6160118e+00   5.3782680e+00   2.5992342e-01   1.3138786e+01   1.1384718e+03
   4.0160623e+02  -7.5647661e+00  -1.3551418e-01   1.5820344e+00   5.3889837e+00   2.1767715e-01   1.3115053e+01   9.5349655e+02
   4.0959618e+02  -7.5235390e+00  -1.6196386e-01   1.5495110e+00   5.4005091e+00   1.8584239e-01   1.3092921e+01   7.9341838e+02
   4.1758613e+02  -7.4770508e+00  -1.9421042e-01   1.5188365e+00   5.4126310e+00   1.6212635e-01   1.3073877e+01   6.5781250e+02
   4.2557608e+02  -7.4254100e+00  -2.3346262e-01   1.4903290e+00   5.4252063e+00   1.4477103e-01   1.3059261e+01   5.4385738e+02
   4.3356603e+02  -7.3686800e+00  -2.8107742e-01   1.4642119e+00   5.4381647e+00   1.3246871e-01   1.3050080e+01   4.4885094e+02
   4.4434779e+02  -7.2842439e+00  -3.6121824e-01   1.4329772e+00   5.4562624e+00   1.2223115e-01   1.3047140e+01   3.4615790e+02
   4.5512955e+02  -7.1914353e+00  -4.6400846e-01   1.4063941e+00   5.4752165e+00   1.1767709e-01   1.3054317e+01   2.6697632e+02
   4.6591131e+02  -7.0907185e+00  -5.9693129e-01   1.3841154e+00   5.4954570e+00   1.1766924e-01   1.3069392e+01   2.0550334e+02
   4.7669307e+02  -6.9812437e+00  -7.7268489e-01   1.3652395e+00   5.5178220e+00   1.2160285e-01   1.3089756e+01   1.5709221e+02
   4.8747483e+02  -6.8595741e+00  -1.0138838e+00   1.3480672e+00   5.5438386e+00   1.2936403e-01   1.3113529e+01   1.1831062e+02
   5.0134676e+02  -6.6674622e+00  -1.5349309e+00   1.3218875e+00   5.5889361e+00   1.4617604e-01   1.3147509e+01   7.6655259e+01
   5.1270740e+02  -6.4475675e+00  -2.3480195e+00   1.2855621e+00   5.6479889e+00   1.6872889e-01   1.3182039e+01   4.8974074e+01
   5.2068906e+02  -6.2229442e+00  -3.4069792e+00   1.2388852e+00   5.7180034e+00   1.9341216e-01   1.3215199e+01   3.2943391e+01
   5.2709385e+02  -5.9633230e+00  -4.8566538e+00   1.1742997e+00   5.8136972e+00   2.2372336e-01   1.3249962e+01   2.2446279e+01
   5.3349865e+02  -5.5823783e+00  -7.2412579e+00   1.0646152e+00   5.9885958e+00   2.7357357e-01   1.3291360e+01   1.4389406e+01
   5.3840568e+02  -5.1714859e+00  -9.9425679e+00   9.3509481e-01   6.2318056e+00   3.3824558e-01   1.3318405e+01   9.9447086e+00
   5.4242981e+02  -4.7305766e+00  -1.2887897e+01   7.9359721e-01   6.5628384e+00   4.2638250e-01   1.3329274e+01   7.2203519e+00
   5.4645394e+02  -4.1763934e+00  -1.6384377e+01   6.2824338e-01   7.0836803e+00   5.7968777e-01   1.3330065e+01   5.2288588e+00
   5.4766118e+02  -3.9867710e+00  -1.7337479e+01   5.7732084e-01   7.2875059e+00   6.4539540e-01   1.3330862e+01   4.7958006e+00
   5.4886842e+02  -3.7903381e+00  -1.8078019e+01   5.2825786e-01   7.5118372e+00   7.2515300e-01   1.3332781e+01   4.4548991e+00
   5.5007566e+02  -3.5922914e+00  -1.8528496e+01   4.8222356e-01   7.7520807e+00   8.2194509e-01   1.3333522e+01   4.2042212e+00
   5.5128290e+02  -3.3976296e+00  -1.8668441e+01   4.4022930e-01   8.0016138e+00   9.3866920e-01   1.3333184e+01   4.0336106e+00
   5.5249014e+02  -3.2109413e+00  -1.8533917e+01   4.0292168e-01   8.2527735e+00   1.0780260e+00   1.3332674e+01   3.9284968e+00
   5.5580031e+02  -2.7625225e+00  -1.7307910e+01   3.2453128e-01   8.9005506e+00   1.5887959e+00   1.3332727e+01   3.8613535e+00
   5.5911047e+02  -2.4369193e+00  -1.5724137e+01   2.7658737e-01   9.4078909e+00   2.2897267e+00   1.3333963e+01   3.9743863e+00
   5.6242063e+02  -2.2368084e+00  -1.4348922e+01   2.5042297e-01   9.7344915e+00   3.1338397e+00   1.3333844e+01   4.1693205e+00
   5.6573079e+02  -2.1416580e+00  -1.3312501e+01   2.3877626e-01   9.8936623e+00   4.0346110e+00   1.3333118e+01   4.3984957e+00
   5.6904096e+02  -2.1258495e+00  -1.2578860e+01   2.3688446e-01   9.9202901e+00   4.9043202e+00   1.3333151e+01   4.6382797e+00
   5.7308895e+02  -2.1830747e+00  -1.1985191e+01   2.4377466e-01   9.8240687e+00   5.8437095e+00   1.3333525e+01   4.9317597e+00
   5.7713694e+02  -2.2953772e+00  -1.1613660e+01   2.5782067e-01   9.6379153e+00   6.6024449e+00   1.3333463e+01   5.2184519e+00
   5.8118494e+02  -2.4397944e+00  -1.1372893e+01   2.7696112e-01   9.4034815e+00   7.1808823e+00   1.3333269e+01   5.4981994e+00
   5.8523293e+02  -2.6004220e+00  -1.1197870e+01   2.9978775e-01   9.1493767e+00   7.6024971e+00   1.3333296e+01   5.7754015e+00
   5.8928092e+02  -2.7671009e+00  -1.1041982e+01   3.2529080e-01   8.8934334e+00   7.8951275e+00   1.3333350e+01   6.0582171e+00
   5.9499204e+02  -3.0028216e+00  -1.0790378e+01   3.6470132e-01   8.5455163e+00   8.1328925e+00   1.3333336e+01   6.4907485e+00
   6.0070315e+02  -3.2328579e+00  -1.0434977e+01   4.0720254e-01   8.2225110e+00   8.2124341e+00   1.3333311e+01   7.0057363e+00
   6.0641427e+02  -3.4589162e+00  -9.9167227e+00   4.5313296e-01   7.9216763e+00   8.1700083e+00   1.3333302e+01   7.6757995e+00
   6.1212538e+02  -3.6889092e+00  -9.1742606e+00   5.0435721e-01   7.6331426e+00   8.0282162e+00   1.3333280e+01   8.6312418e+00
   6.1783650e+02  -3.9352795e+00  -8.1363567e+00   5.6451874e-01   7.3443691e+00   7.7990233e+00   1.3333222e+01   1.0135981e+01
   6.2603028e+02  -4.3477294e+00  -6.0757550e+00   6.7807216e-01   6.9095765e+00   7.3224754e+00   1.3332983e+01   1.4478563e+01
   6.3252629e+02  -4.7383579e+00  -4.2864638e+00   8.0080961e-01   6.5554106e+00   6.8242495e+00   1.3332365e+01   2.1736686e+01
   6.3752885e+02  -5.0677713e+00  -3.2032170e+00   9.1551687e-01   6.3006404e+00   6.3723356e+00   1.3331074e+01   3.0456517e+01
   6.4253141e+02  -5.3978084e+00  -2.4997577e+00   1.0396912e+00   6.0849248e+00   5.8745125e+00   1.3328212e+01   4.0781208e+01
   6.4753396e+02  -5.7094940e+00  -2.0320036e+00   1.1636177e+00   5.9159650e+00   5.3498371e+00   1.3322427e+01   5.2196915e+01
   6.5253652e+02  -5.9968448e+00  -1.5995389e+00   1.2811713e+00   5.7878449e+00   4.8190979e+00   1.3312580e+01   6.8665712e+01
   6.5366396e+02  -6.0581359e+00  -1.4900527e+00   1.3064783e+00   5.7635853e+00   4.6997325e+00   1.3310223e+01   7.4249145e+01
   6.5479139e+02  -6.1184668e+00  -1.3772649e+00   1.3313931e+00   5.7407022e+00   4.5809999e+00   1.3307729e+01   8.0901575e+01
   6.5591883e+02  -6.1779571e+00  -1.2622572e+00   1.3559497e+00   5.7190621e+00   4.4629171e+00   1.3305155e+01   8.8887329e+01
   6.5704627e+02  -6.2366674e+00  -1.1464168e+00   1.3801532e+00   5.6985664e+00   4.3455512e+00   1.3302534e+01   9.8536135e+01
   6.5943129e+02  -6.3583205e+00  -9.0594983e-01   1.4301012e+00   5.6586553e+00   4.1001000e+00   1.3296938e+01   1.2643768e+02
   6.6181630e+02  -6.4763490e+00  -6.8782830e-01   1.4781304e+00   5.6229488e+00   3.8593301e+00   1.3291526e+01   1.6876386e+02
   6.6420132e+02  -6.5900650e+00  -5.0811825e-01   1.5237761e+00   5.5910416e+00   3.6244175e+00   1.3286534e+01   2.3136173e+02
   6.6658634e+02  -6.6984803e+00  -3.7526453e-01   1.5664666e+00   5.5626191e+00   3.3965897e+00   1.3282116e+01   3.1702968e+02
   6.6897136e+02  -6.8005810e+00  -2.8480308e-01   1.6056566e+00   5.5373877e+00   3.1770171e+00   1.3278340e+01   4.2239862e+02
   6.7263127e+02  -6.9435196e+00  -2.0441638e-01   1.6582358e+00   5.5041097e+00   2.8582572e+00   1.3273766e+01   5.9763633e+02
   6.7629117e+02  -7.0692534e+00  -1.5598109e-01   1.7014186e+00   5.4763303e+00   2.5634259e+00   1.3270413e+01   7.9376233e+02
   6.7995108e+02  -7.1784893e+00  -1.2216281e-01   1.7356743e+00   5.4529442e+00   2.2934572e+00   1.3267917e+01   1.0252187e+03
   6.8361099e+02  -7.2725370e+00  -1.0121633e-01   1.7618336e+00   5.4331152e+00   2.0482685e+00   1.3265903e+01   1.2495688e+03
   6.8727089e+02  -7.3527870e+00  -8.9090859e-02   1.7808118e+00   5.4162699e+00   1.8270752e+00   1.3264030e+01   1.4314329e+03
   6.9093080e+02  -7.4206141e+00  -7.9928469e-02   1.7935306e+00   5.4020108e+00   1.6286037e+00   1.3262030e+01   1.6065916e+03
   6.9722448e+02  -7.5119625e+00  -6.9317429e-02   1.8032983e+00   5.3827284e+00   1.3355896e+00   1.3257839e+01   1.8695499e+03
   7.0351816e+02  -7.5766228e+00  -6.2416777e-02   1.8011218e+00   5.3691518e+00   1.0962632e+00   1.3252103e+01   2.0892809e+03
   7.0981184e+02  -7.6198733e+00  -6.1765987e-02   1.7902339e+00   5.3603981e+00   9.0193202e-01   1.3244523e+01   2.1196389e+03
   7.1610552e+02  -7.6460750e+00  -6.5769437e-02   1.7731460e+00   5.3556846e+00   7.4458056e-01   1.3234996e+01   1.9947833e+03
   7.2239919e+02  -7.6587658e+00  -6.8758498e-02   1.7517566e+00   5.3543050e+00   6.1730705e-01   1.3223483e+01   1.9092267e+03
   7.3103805e+02  -7.6591607e+00  -7.1422179e-02   1.7178610e+00   5.3567491e+00   4.8144485e-01   1.3204326e+01   1.8360411e+03
   7.3967691e+02  -7.6448893e+00  -8.2908870e-02   1.6811725e+00   5.3629098e+00   3.8003892e-01   1.3181945e+01   1.5773283e+03
   7.4831576e+02  -7.6198839e+00  -1.0254523e-01   1.6436162e+00   5.3716294e+00   3.0428920e-01   1.3157538e+01   1.2702582e+03
   7.5695462e+02  -7.5865901e+00  -1.2146560e-01   1.6064032e+00   5.3821391e+00   2.4780759e-01   1.3132124e+01   1.0671996e+03
   7.6559347e+02  -7.5462836e+00  -1.4537380e-01   1.5703715e+00   5.3939035e+00   2.0594499e-01   1.3107302e+01   8.8675825e+02
   7.7488699e+02  -7.4958085e+00  -1.7933892e-01   1.5336548e+00   5.4075330e+00   1.7326106e-01   1.3083395e+01   7.1412620e+02
   7.8418050e+02  -7.4382224e+00  -2.2252014e-01   1.4996049e+00   5.4218968e+00   1.5027929e-01   1.3064527e+01   5.7152965e+02
   7.9347402e+02  -7.3737985e+00  -2.7525629e-01   1.4686930e+00   5.4368024e+00   1.3464748e-01   1.3052538e+01   4.5865177e+02
   8.0000000e+02  -7.3246654e+00  -3.1969518e-01   1.4490298e+00   5.4475502e+00   1.2710450e-01   1.3048776e+01   3.9280515e+02
