   1  1.666666666666667e-01  3.333333333333334e-01  6.666666666666667e-01
   2  2.457668895747599e-01  2.542331104252401e-01  7.626993312757202e-01
   3  2.969093675564013e-01  2.030906324435987e-01  7.988362810174547e-01
   4  3.335871066619898e-01  1.664128933380102e-01  8.194021129173724e-01
   5  3.613932066419718e-01  1.386067933580282e-01  8.329089806551014e-01
   6  3.832239983871799e-01  1.167760016128202e-01  8.424983998524657e-01
   7  4.007810260642112e-01  9.921897393578882e-02  8.496520908872783e-01
   8  4.151504403981191e-01  8.484955960188095e-02  8.551747335826384e-01
   9  4.270678759775501e-01  7.293212402244986e-02  8.595462883325690e-01
  10  4.370542495323762e-01  6.294575046762380e-02  8.630730464979729e-01
  11  4.454914504449908e-01  5.450854955500922e-02  8.659607543013685e-01
  12  4.526673207236115e-01  4.733267927638846e-02  8.683533071930489e-01
  13  4.588037812220438e-01  4.119621877795621e-02  8.703546768903620e-01
  14  4.640751655921410e-01  3.592483440785899e-02  8.720420337966090e-01
  15  4.686205926704882e-01  3.137940732951183e-02  8.734739588012468e-01
  16  4.725525649129578e-01  2.744743508704217e-02  8.746957773554982e-01
  17  4.759630971268228e-01  2.403690287317717e-02  8.757431358139871e-01
  18  4.789281821255373e-01  2.107181787446266e-02  8.766444656219312e-01
  19  4.815111082009661e-01  1.848889179903390e-02  8.774227221013021e-01
  20  4.837649662823502e-01  1.623503371764978e-02  8.780966373819177e-01
  21  4.857345739438260e-01  1.426542605617398e-02  8.786816402275432e-01
  22  4.874579723239544e-01  1.254202767604562e-02  8.791905426909780e-01
  23  4.889676052685974e-01  1.103239473140261e-02  8.796340604855860e-01
  24  4.902912586087718e-01  9.708741391228237e-03  8.800212127647389e-01
  25  4.914528159909510e-01  8.547184009048970e-03  8.803596331004630e-01
  26  4.924728727077967e-01  7.527127292203284e-03  8.806558141528551e-01
  27  4.933692383867959e-01  6.630761613204084e-03  8.809153021860452e-01
  28  4.941573517932656e-01  5.842648206734358e-03  8.811428531979907e-01
  29  4.948506254761180e-01  5.149374523881978e-03  8.813425593460688e-01
  30  4.954607339148516e-01  4.539266085148430e-03  8.815179521505064e-01
  31  4.959978557955848e-01  4.002144204415248e-03  8.816720873688066e-01
  32  4.964708787631219e-01  3.529121236878097e-03  8.818076152740068e-01
  33  4.968875732623655e-01  3.112426737634511e-03  8.819268392116222e-01
  34  4.972547407521987e-01  2.745259247801335e-03  8.820317646698318e-01
  35  4.975783405452651e-01  2.421659454734937e-03  8.821241406160210e-01
  36  4.978635987232647e-01  2.136401276735311e-03  8.822054944835964e-01
  37  4.981151019448515e-01  1.884898055148465e-03  8.822771619144627e-01
  38  4.983368784616648e-01  1.663121538335255e-03  8.823403121418458e-01
  39  4.985324682574007e-01  1.467531742599282e-03  8.823959697306585e-01
  40  4.987049839025958e-01  1.295016097404234e-03  8.824450332573456e-01
  41  4.988571634568559e-01  1.142836543144066e-03  8.824882914079595e-01
  42  4.989914165376352e-01  1.008583462364820e-03  8.825264368866779e-01
  43  4.991098645003211e-01  8.901354996788680e-04  8.825600784607075e-01
  44  4.992143755306127e-01  7.856244693873471e-04  8.825897514151215e-01
  45  4.993065953309591e-01  6.934046690408868e-04  8.826159266419286e-01
  46  4.993879739834544e-01  6.120260165456415e-04  8.826390185577957e-01
  47  4.994597894883415e-01  5.402105116584788e-04  8.826593920100011e-01
  48  4.995231684072363e-01  4.768315927636824e-04  8.826773683092184e-01
  49  4.995791039809767e-01  4.208960190232869e-04  8.826932305047221e-01
  50  4.996284720417701e-01  3.715279582299225e-04  8.827072280039003e-01
  51  4.996720449965234e-01  3.279550034765988e-04  8.827195806180533e-01
  52  4.997105041216694e-01  2.894958783306034e-04  8.827304821140208e-01
  53  4.997444503784493e-01  2.555496215507214e-04  8.827401033284642e-01
  54  4.997744139306476e-01  2.255860693523570e-04  8.827485949048170e-01
  55  4.998008625235281e-01  1.991374764719334e-04  8.827560896984646e-01
  56  4.998242088626247e-01  1.757911373753140e-04  8.827627048899067e-01
  57  4.998448171136383e-01  1.551828863617377e-04  8.827685438454288e-01
  58  4.998630086295781e-01  1.369913704219461e-04  8.827736977556504e-01
  59  4.998790669981547e-01  1.209330018453469e-04  8.827782470739735e-01
  60  4.998932424909851e-01  1.067575090148987e-04  8.827822627889750e-01
  61  4.999057559861938e-01  9.424401380619951e-05  8.827858075355354e-01
  62  4.999168024272720e-01  8.319757272801098e-05  8.827889365906667e-01
  63  4.999265538734410e-01  7.344612655901805e-05  8.827916987329391e-01
  64  4.999351621900878e-01  6.483780991217714e-05  8.827941370070257e-01
  65  4.999427614219961e-01  5.723857800388199e-05  8.827962894090915e-01
  66  4.999494698869704e-01  5.053011302957877e-05  8.827981894685042e-01
  67  4.999553920229491e-01  4.460797705091446e-05  8.827998667804745e-01
  68  4.999606200177517e-01  3.937998224834427e-05  8.828013474674478e-01
  69  4.999652352471337e-01  3.476475286634528e-05  8.828026545849184e-01
  70  4.999693095437685e-01  3.069045623149691e-05  8.828038084863655e-01
  71  4.999729063170920e-01  2.709368290798597e-05  8.828048271299515e-01
  72  4.999760815415801e-01  2.391845841986928e-05  8.828057263790896e-01
  73  4.999788846289531e-01  2.111537104687589e-05  8.828065202285426e-01
  74  4.999813591979649e-01  1.864080203506369e-05  8.828072210372868e-01
  75  4.999835437538250e-01  1.645624617496733e-05  8.828078397062975e-01
  76  4.999854722878769e-01  1.452771212312465e-05  8.828083858652833e-01
  77  4.999871748069057e-01  1.282519309431240e-05  8.828088680183688e-01
  78  4.999886778003434e-01  1.132219965660486e-05  8.828092936570228e-01
  79  4.999900046526641e-01  9.995347335922666e-06  8.828096694171820e-01
  80  4.999911760074070e-01  8.823992592998930e-06  8.828100011378336e-01
  81  4.999922100885049e-01  7.789911495081903e-06  8.828102939776399e-01
  82  4.999931229839291e-01  6.877016070938602e-06  8.828105525050381e-01
  83  4.999939288960733e-01  6.071103926696964e-06  8.828107807327482e-01
  84  4.999946403627793e-01  5.359637220703206e-06  8.828109822226620e-01
  85  4.999952684524476e-01  4.731547552427884e-06  8.828111600820411e-01
  86  4.999958229362733e-01  4.177063726684693e-06  8.828113171009621e-01
  87  4.999963124402908e-01  3.687559709253385e-06  8.828114557352411e-01
  88  4.999967445795938e-01  3.255420406245158e-06  8.828115780949016e-01
  89  4.999971260768221e-01  2.873923177881821e-06  8.828116861246317e-01
  90  4.999974628667594e-01  2.537133240609890e-06  8.828117815173625e-01
  91  4.999977601886703e-01  2.239811329740604e-06  8.828118657269202e-01
  92  4.999980226678147e-01  1.977332185321146e-06  8.828119400352098e-01
  93  4.999982543874076e-01  1.745612592363166e-06  8.828120056517741e-01
  94  4.999984589521451e-01  1.541047854936029e-06  8.828120636147548e-01
  95  4.999986395442843e-01  1.360455715748721e-06  8.828121147510993e-01
  96  4.999987989731512e-01  1.201026848807185e-06  8.828121598549832e-01
  97  4.999989397188457e-01  1.060281154319220e-06  8.828121997208072e-01
  98  4.999990639708245e-01  9.360291755022843e-07  8.828122349333700e-01
  99  4.999991736619626e-01  8.263380374406992e-07  8.828122659715991e-01
 100  4.999992704986220e-01  7.295013779717863e-07  8.828122934182825e-01
 101  4.999993559871978e-01  6.440128021978353e-07  8.828123176249062e-01
 102  4.999994314575518e-01  5.685424482315682e-07  8.828123389648344e-01
 103  4.999994980837007e-01  5.019162993002979e-07  8.828123579189053e-01
 104  4.999995569020800e-01  4.430979200220619e-07  8.828123745727477e-01
 105  4.999996088276666e-01  3.911723334137918e-07  8.828123891764493e-01
 106  4.999996546682126e-01  3.453317873880479e-07  8.828124023350788e-01
 107  4.999996951368112e-01  3.048631888047382e-07  8.828124138545191e-01
 108  4.999997308629893e-01  2.691370106777669e-07  8.828124239366479e-01
 109  4.999997624025009e-01  2.375974991197793e-07  8.828124326767186e-01
 110  4.999997902459719e-01  2.097540280909804e-07  8.828124406529958e-01
 111  4.999998148265330e-01  1.851734670044181e-07  8.828124479406870e-01
 112  4.999998365265572e-01  1.634734427824469e-07  8.828124537871649e-01
 113  4.999998556836079e-01  1.443163920589186e-07  8.828124593361450e-01
 114  4.999998725956903e-01  1.274043096577415e-07  8.828124639211289e-01
 115  4.999998875258869e-01  1.124741130786866e-07  8.828124682817767e-01
 116  4.999999007064502e-01  9.929354982673999e-08  8.828124722110454e-01
 117  4.999999123424155e-01  8.765758452433658e-08  8.828124755061400e-01
 118  4.999999226147906e-01  7.738520940714366e-08  8.828124779739855e-01
 119  4.999999316833713e-01  6.831662868744814e-08  8.828124807160066e-01
 120  4.999999396892274e-01  6.031077259827100e-08  8.828124829490003e-01
 121  4.999999467568970e-01  5.324310303755908e-08  8.828124851294885e-01
 122  4.999999529963238e-01  4.700367617349599e-08  8.828124863484829e-01
 123  4.999999585045677e-01  4.149543231246611e-08  8.828124880977752e-01
 124  4.999999633673141e-01  3.663268594022995e-08  8.828124904057142e-01
 125  4.999999676602073e-01  3.233979273264964e-08  8.828124911565423e-01
 126  4.999999714500270e-01  2.854997305234974e-08  8.828124932144735e-01
 127  4.999999747957271e-01  2.520427289098848e-08  8.828124931947736e-01
 128  4.999999777493530e-01  2.225064699157286e-08  8.828124932549968e-01
 129  4.999999803568508e-01  1.964314921831800e-08  8.828124964526911e-01
 130  4.999999826587824e-01  1.734121757301921e-08  8.828124950986905e-01
 131  4.999999846909564e-01  1.530904358837404e-08  8.828124970989938e-01
 132  4.999999864849850e-01  1.351501499602392e-08  8.828124969405317e-01
 133  4.999999880687759e-01  1.193122411979886e-08  8.828124958284536e-01
 134  4.999999894669662e-01  1.053303377851478e-08  8.828124987641545e-01
 135  4.999999907013062e-01  9.298693814940862e-09  8.828124935769488e-01
 136  4.999999917909969e-01  8.209003088399669e-09  8.828124951495542e-01
 137  4.999999927529895e-01  7.247010547217769e-09  8.828125010037682e-01
 138  4.999999936022485e-01  6.397751495246240e-09  8.828124995212582e-01
 139  4.999999943519851e-01  5.648014944625857e-09  8.828124926112768e-01
 140  4.999999950138618e-01  4.986138169016385e-09  8.828124957000594e-01
 141  4.999999955981749e-01  4.401825126620906e-09  8.828125048707292e-01
 142  4.999999961140137e-01  3.885986255003360e-09  8.828125023645512e-01
 143  4.999999965694028e-01  3.430597250719814e-09  8.828125025668284e-01
 144  4.999999969714258e-01  3.028574169228193e-09  8.828125098604136e-01
 145  4.999999973263368e-01  2.673663179741936e-09  8.828125151788166e-01
 146  4.999999976396566e-01  2.360343365204187e-09  8.828125334141786e-01
 147  4.999999979162593e-01  2.083740680003388e-09  8.828125224158344e-01
 148  4.999999981604477e-01  1.839552288274149e-09  8.828124852230452e-01
 149  4.999999983760203e-01  1.623979728471170e-09  8.828124858547907e-01
 150  4.999999985663304e-01  1.433669627459722e-09  8.828125144206029e-01
 151  4.999999987343385e-01  1.265661464522339e-09  8.828124975800234e-01
 152  4.999999988826582e-01  1.117341774659053e-09  8.828125102795467e-01
 153  4.999999990135967e-01  9.864032923800892e-10  8.828125062101804e-01
 154  4.999999991291909e-01  8.708091470133184e-10  8.828124903275069e-01
 155  4.999999992312387e-01  7.687612768592089e-10  8.828125881496411e-01
 156  4.999999993213279e-01  6.786721185036981e-10  8.828125699520506e-01
 157  4.999999994008598e-01  5.991401819116504e-10  8.828124297084788e-01
 158  4.999999994710715e-01  5.289284565890284e-10  8.828125246105168e-01
 159  4.999999995330553e-01  4.669447051242059e-10  8.828125983908195e-01
 160  4.999999995877754e-01  4.122246433091448e-10  8.828125445806141e-01
 161  4.999999996360829e-01  3.639171186620160e-10  8.828126230898310e-01
 162  4.999999996787294e-01  3.212706212174510e-10  8.828126096366120e-01
 163  4.999999997163783e-01  2.836217372070848e-10  8.828125526458156e-01
 164  4.999999997496152e-01  2.503848239854278e-10  8.828125321107202e-01
 165  4.999999997789572e-01  2.210428506899120e-10  8.828124930717707e-01
 166  4.999999998048607e-01  1.951393491239628e-10  8.828123077263073e-01
 167  4.999999998277285e-01  1.722715303742461e-10  8.828128778107699e-01
 168  4.999999998479165e-01  1.520834569390672e-10  8.828124798605902e-01
 169  4.999999998657388e-01  1.342611577470620e-10  8.828123745296916e-01
 170  4.999999998814726e-01  1.185274101089817e-10  8.828123643345790e-01
 171  4.999999998953625e-01  1.046375208701988e-10  8.828128512551517e-01
 172  4.999999999076247e-01  9.237532960781891e-11  8.828126740732802e-01
 173  4.999999999184499e-01  8.155010000621132e-11  8.828125469476938e-01
 174  4.999999999280066e-01  7.199341123254044e-11  8.828120532906398e-01
 175  4.999999999364433e-01  6.355671544611141e-11  8.828129457683523e-01
 176  4.999999999438913e-01  5.610867326311109e-11  8.828126637646122e-01
 177  4.999999999504665e-01  4.953348842207106e-11  8.828133965990083e-01
 178  4.999999999562712e-01  4.372879836012089e-11  8.828128151910309e-01
 179  4.999999999613957e-01  3.860434194535856e-11  8.828127776903274e-01
 180  4.999999999659196e-01  3.408040516461597e-11  8.828127471478242e-01
 181  4.999999999699134e-01  3.008659987813189e-11  8.828122709459262e-01
 182  4.999999999734391e-01  2.656086461882978e-11  8.828137684689072e-01
 183  4.999999999765518e-01  2.344824334699069e-11  8.828117489205355e-01
 184  4.999999999792996e-01  2.070038584989220e-11  8.828117971809113e-01
 185  4.999999999817254e-01  1.827460405223746e-11  8.828146578887384e-01
 186  4.999999999838669e-01  1.613309486003800e-11  8.828150155221959e-01
 187  4.999999999857575e-01  1.424249607140382e-11  8.828123924742283e-01
 188  4.999999999874265e-01  1.257349779848482e-11  8.828156058775383e-01
 189  4.999999999888999e-01  1.110012082250478e-11  8.828188464662876e-01
 190  4.999999999902007e-01  9.799272504551482e-12  8.828077334693591e-01
 191  4.999999999913490e-01  8.650968830181682e-12  8.828174567207469e-01
 192  4.999999999923628e-01  7.637224186396452e-12  8.828172123047702e-01
 193  4.999999999932578e-01  6.742217895094882e-12  8.828100014536997e-01
 194  4.999999999940479e-01  5.952127679620389e-12  8.828144940184592e-01
 195  4.999999999947454e-01  5.254574553248403e-12  8.828060881892114e-01
 196  4.999999999953612e-01  4.638844863791292e-12  8.828202581926514e-01
 197  4.999999999959047e-01  4.095279670934815e-12  8.828231577435799e-01
 198  4.999999999963846e-01  3.615385768540591e-12  8.828177948870876e-01
 199  4.999999999968083e-01  3.191724662343631e-12  8.828171782155415e-01
 200  4.999999999971823e-01  2.817690525347416e-12  8.828112771101101e-01
 201  4.999999999975126e-01  2.487454686672663e-12  8.827991095175239e-01
 202  4.999999999978041e-01  2.195910120406097e-12  8.827940191921446e-01
 203  4.999999999980614e-01  1.938560423297986e-12  8.828049951969260e-01
 204  4.999999999982886e-01  1.711408792459679e-12  8.828245804936716e-01
 205  4.999999999984891e-01  1.510902514212376e-12  8.828413882581900e-01
 206  4.999999999986662e-01  1.333821941784663e-12  8.827981482842236e-01
 207  4.999999999988225e-01  1.177502539917441e-12  8.828033960379558e-01
 208  4.999999999989605e-01  1.039501817956534e-12  8.828021874410711e-01
 209  4.999999999990823e-01  9.177103521551544e-13  8.828366976396455e-01
 210  4.999999999991898e-01  8.101852522202080e-13  8.828332930075006e-01
 211  4.999999999992848e-01  7.152056724635258e-13  8.827680712572799e-01
 212  4.999999999993686e-01  6.313838341043265e-13  8.828003725551071e-01
 213  4.999999999994426e-01  5.574429806642911e-13  8.828908035871286e-01
 214  4.999999999995078e-01  4.921618668163319e-13  8.828918542123083e-01
 215  4.999999999995655e-01  4.345412918382863e-13  8.829235280848184e-01
 216  4.999999999996164e-01  3.836375661592228e-13  8.828564128768523e-01
 217  4.999999999996613e-01  3.387290448131353e-13  8.829402401967877e-01
 218  4.999999999997010e-01  2.990385716827859e-13  8.828253031792854e-01
 219  4.999999999997360e-01  2.640110352558622e-13  8.828661592723223e-01
 220  4.999999999997669e-01  2.330913240200516e-13  8.828847771236333e-01
 221  4.999999999997942e-01  2.057798376142728e-13  8.828292450583473e-01
 222  4.999999999998183e-01  1.816879979799069e-13  8.829241974642568e-01
 223  4.999999999998396e-01  1.604272270583351e-13  8.829819737244119e-01
 224  4.999999999998583e-01  1.416644579421700e-13  8.830449826989619e-01
 225  4.999999999998750e-01  1.250111125727926e-13  8.824451410658307e-01
 226  4.999999999998896e-01  1.103561686477406e-13  8.827708703374778e-01
 227  4.999999999999025e-01  9.747758156208874e-14  8.832997987927566e-01
 228  4.999999999999140e-01  8.604228440844963e-14  8.826879271070615e-01
 229  4.999999999999241e-01  7.593925488436071e-14  8.825806451612903e-01
 230  4.999999999999329e-01  6.705747068735946e-14  8.830409356725146e-01
 231  4.999999999999408e-01  5.917488721252084e-14  8.824503311258278e-01
 232  4.999999999999477e-01  5.229150445984487e-14  8.836772983114447e-01
 233  4.999999999999538e-01  4.618527782440651e-14  8.832271762208068e-01
 234  4.999999999999592e-01  4.080069615497450e-14  8.834134615384616e-01
 235  4.999999999999639e-01  3.608224830031759e-14  8.843537414965986e-01
 236  4.999999999999681e-01  3.186340080674199e-14  8.830769230769231e-01
 237  4.999999999999719e-01  2.814415367424772e-14  8.832752613240418e-01
 238  4.999999999999751e-01  2.486899575160351e-14  8.836291913214990e-01
 239  4.999999999999780e-01  2.198241588757810e-14  8.839285714285714e-01
 240  4.999999999999806e-01  1.942890293094024e-14  8.838383838383839e-01
 241  4.999999999999829e-01  1.715294573045867e-14  8.828571428571429e-01
 242  4.999999999999849e-01  1.509903313490213e-14  8.802588996763754e-01
 243  4.999999999999867e-01  1.332267629550188e-14  8.823529411764706e-01
 244  4.999999999999882e-01  1.176836406102666e-14  8.833333333333333e-01
