   0.0000000e+00   1.5000000e+00   0.0000000e+00   1.5000000e+01
   2.0000000e-02   1.5000000e+00   0.0000000e+00   1.5780000e+01
   4.0000000e-02   1.5000000e+00   4.6920821e-01   1.1867918e+01
   6.0000000e-02   1.5000000e+00   5.5229717e-01   1.1573040e+01
   8.0000000e-02   1.5000000e+00   6.7448680e-01   1.0843949e+01
   1.0000000e-01   1.5000000e+00   8.1622678e-01   9.8558162e+00
   1.2000000e-01   1.5000000e+00   9.4819159e-01   8.8917302e+00
   1.4000000e-01   1.5000000e+00   1.0752688e+00   7.9078983e+00
   1.6000000e-01   1.5000000e+00   1.1388074e+00   7.4933724e+00
   1.8000000e-01   1.5000000e+00   1.4809384e+00   4.2598827e+00
   2.0000000e-01   1.5000000e+00   1.5542522e+00   3.5366569e+00
   2.2000000e-01   1.5000000e+00   1.6275660e+00   2.7753079e+00
   2.4000000e-01   1.5000000e+00   1.6764418e+00   2.2202151e+00
   2.6000000e-01   1.5000000e+00   1.6911046e+00   1.9818377e+00
   2.8000000e-01   1.5000000e+00   1.7008798e+00   1.7847116e+00
   3.0000000e-01   1.5000000e+00   1.7057674e+00   1.6313783e+00
   3.2000000e-01   1.5000000e+00   1.7008798e+00   1.5732551e+00
   3.4000000e-01   1.5000000e+00   1.6911046e+00   1.5665494e+00
   3.6000000e-01   1.5000000e+00   1.6715543e+00   1.6626784e+00
   3.8000000e-01   1.5000000e+00   1.6471163e+00   1.8178495e+00
   4.0000000e-01   1.5000000e+00   1.6275660e+00   1.9368524e+00
   4.2000000e-01   1.5000000e+00   1.6226784e+00   1.9193939e+00
   4.4000000e-01   1.5000000e+00   1.6080156e+00   2.0022287e+00
   4.6000000e-01   1.5000000e+00   1.6080156e+00   1.9460606e+00
   4.8000000e-01   1.5000000e+00   1.6031281e+00   1.9387683e+00
   5.0000000e-01   1.5000000e+00   1.6031281e+00   1.8851417e+00
   5.2000000e-01   1.5000000e+00   1.5982405e+00   1.8803910e+00
   5.4000000e-01   1.5000000e+00   1.5884653e+00   1.9270577e+00
   5.6000000e-01   1.5000000e+00   1.5884653e+00   1.8810557e+00
   5.8000000e-01   1.5000000e+00   1.5884653e+00   1.8350538e+00
   6.0000000e-01   1.5000000e+00   1.5835777e+00   1.8379277e+00
   6.2000000e-01   1.5000000e+00   1.5689150e+00   1.9410948e+00
   6.4000000e-01   1.5000000e+00   1.5738025e+00   1.8563832e+00
   6.6000000e-01   1.5000000e+00   1.5640274e+00   1.9157576e+00
   6.8000000e-01   1.5000000e+00   1.5640274e+00   1.8824633e+00
   7.0000000e-01   1.5000000e+00   1.5493646e+00   1.9957967e+00
   7.2000000e-01   1.5000000e+00   1.5493646e+00   1.9701271e+00
   7.4000000e-01   1.5000000e+00   1.5395894e+00   2.0422092e+00
   7.6000000e-01   1.5000000e+00   1.5395894e+00   2.0216227e+00
   7.8000000e-01   1.5000000e+00   1.5347019e+00   2.0499120e+00
   8.0000000e-01   1.5000000e+00   1.5347019e+00   2.0318671e+00
   8.2000000e-01   1.5000000e+00   1.5347019e+00   2.0138221e+00
   8.4000000e-01   1.5000000e+00   1.5298143e+00   2.0446530e+00
   8.6000000e-01   1.5000000e+00   1.5298143e+00   2.0291496e+00
   8.8000000e-01   1.5000000e+00   1.5298143e+00   2.0136461e+00
   9.0000000e-01   1.5000000e+00   1.5200391e+00   2.0958944e+00
   9.2000000e-01   1.5000000e+00   1.5249267e+00   2.0365982e+00
   9.4000000e-01   1.5000000e+00   1.5249267e+00   2.0236364e+00
   9.6000000e-01   1.5000000e+00   1.5200391e+00   2.0595503e+00
   9.8000000e-01   1.5000000e+00   1.5347019e+00   1.9025024e+00
   1.0000000e+00   1.5000000e+00   1.5298143e+00   1.9333333e+00
   1.0200000e+00   1.5000000e+00   1.5200391e+00   2.0155816e+00
   1.0400000e+00   1.5000000e+00   1.5200391e+00   2.0051613e+00
   1.0600000e+00   1.5000000e+00   1.5151515e+00   2.0436168e+00
   1.0800000e+00   1.5000000e+00   1.5151515e+00   2.0357380e+00
   1.1000000e+00   1.5000000e+00   1.5151515e+00   2.0278592e+00
   1.1200000e+00   1.5000000e+00   1.5102639e+00   2.0688563e+00
   1.1400000e+00   1.5000000e+00   1.5102639e+00   2.0635191e+00
   1.1600000e+00   1.5000000e+00   1.5053763e+00   2.1070577e+00
   1.1800000e+00   1.5000000e+00   1.5151515e+00   2.0065103e+00
   1.2000000e+00   1.5000000e+00   1.5151515e+00   1.9986315e+00
   1.2200000e+00   1.5000000e+00   1.5151515e+00   1.9907527e+00
   1.2400000e+00   1.5000000e+00   1.5151515e+00   1.9828739e+00
   1.2600000e+00   1.5000000e+00   1.5053763e+00   2.0727468e+00
   1.2800000e+00   1.5000000e+00   1.5102639e+00   2.0210753e+00
   1.3000000e+00   1.5000000e+00   1.5151515e+00   1.9668622e+00
   1.3200000e+00   1.5000000e+00   1.5151515e+00   1.9589834e+00
   1.3400000e+00   1.5000000e+00   1.5102639e+00   1.9999804e+00
   1.3600000e+00   1.5000000e+00   1.5102639e+00   1.9946432e+00
   1.3800000e+00   1.5000000e+00   1.5151515e+00   1.9404301e+00
   1.4000000e+00   1.5000000e+00   1.5102639e+00   1.9814272e+00
   1.4200000e+00   1.5000000e+00   1.5053763e+00   2.0249658e+00
   1.4400000e+00   1.5000000e+00   1.5200391e+00   1.8755425e+00
   1.4600000e+00   1.5000000e+00   1.5151515e+00   1.9139980e+00
   1.4800000e+00   1.5000000e+00   1.5102639e+00   1.9549951e+00
   1.5000000e+00   1.5000000e+00   1.5102639e+00   1.9496579e+00
   1.5200000e+00   1.5000000e+00   1.5004888e+00   2.0420723e+00
   1.5400000e+00   1.5000000e+00   1.5004888e+00   2.0418182e+00
   1.5600000e+00   1.5000000e+00   1.5004888e+00   2.0415640e+00
   1.5800000e+00   1.5000000e+00   1.5053763e+00   1.9924340e+00
   1.6000000e+00   1.5000000e+00   1.5151515e+00   1.8918866e+00
   1.6200000e+00   1.5000000e+00   1.5151515e+00   1.8840078e+00
   1.6400000e+00   1.5000000e+00   1.5151515e+00   1.8761290e+00
   1.6600000e+00   1.5000000e+00   1.5151515e+00   1.8682502e+00
   1.6800000e+00   1.5000000e+00   1.5053763e+00   1.9581232e+00
   1.7000000e+00   1.5000000e+00   1.5053763e+00   1.9553275e+00
   1.7200000e+00   1.5000000e+00   1.5102639e+00   1.9036559e+00
   1.7400000e+00   1.5000000e+00   1.5053763e+00   1.9471945e+00
   1.7600000e+00   1.5000000e+00   1.5053763e+00   1.9443988e+00
   1.7800000e+00   1.5000000e+00   1.5053763e+00   1.9416031e+00
   1.8000000e+00   1.5000000e+00   1.5053763e+00   1.9388074e+00
   1.8200000e+00   1.5000000e+00   1.5004888e+00   1.9848876e+00
   1.8400000e+00   1.5000000e+00   1.5053763e+00   1.9357576e+00
   1.8600000e+00   1.5000000e+00   1.5053763e+00   1.9329619e+00
   1.8800000e+00   1.5000000e+00   1.5053763e+00   1.9301662e+00
   1.9000000e+00   1.5000000e+00   1.4956012e+00   2.0251222e+00
   1.9200000e+00   1.5000000e+00   1.4956012e+00   2.0274096e+00
   1.9400000e+00   1.5000000e+00   1.4956012e+00   2.0296970e+00
   1.9600000e+00   1.5000000e+00   1.5004888e+00   1.9831085e+00
   1.9800000e+00   1.5000000e+00   1.5004888e+00   1.9828543e+00
   2.0000000e+00   1.5000000e+00   1.5004888e+00   1.9826002e+00
   2.0200000e+00   1.5000000e+00   1.5004888e+00   1.9823460e+00
   2.0400000e+00   1.5000000e+00   1.5102639e+00   1.8843402e+00
   2.0600000e+00   1.5000000e+00   1.5151515e+00   1.8301271e+00
   2.0800000e+00   1.5000000e+00   1.5053763e+00   1.9200000e+00
   2.1000000e+00   1.5000000e+00   1.5004888e+00   1.9660802e+00
   2.1200000e+00   1.5000000e+00   1.5053763e+00   1.9169501e+00
   2.1400000e+00   1.5000000e+00   1.4956012e+00   2.0119062e+00
   2.1600000e+00   1.5000000e+00   1.5004888e+00   1.9653177e+00
   2.1800000e+00   1.5000000e+00   1.5053763e+00   1.9161877e+00
   2.2000000e+00   1.5000000e+00   1.5053763e+00   1.9133920e+00
   2.2200000e+00   1.5000000e+00   1.5102639e+00   1.8617204e+00
   2.2400000e+00   1.5000000e+00   1.5053763e+00   1.9052590e+00
   2.2600000e+00   1.5000000e+00   1.5053763e+00   1.9024633e+00
   2.2800000e+00   1.5000000e+00   1.5004888e+00   1.9485435e+00
   2.3000000e+00   1.5000000e+00   1.4956012e+00   1.9971652e+00
   2.3200000e+00   1.5000000e+00   1.4956012e+00   1.9994526e+00
   2.3400000e+00   1.5000000e+00   1.4956012e+00   2.0017400e+00
   2.3600000e+00   1.5000000e+00   1.4956012e+00   2.0040274e+00
   2.3800000e+00   1.5000000e+00   1.5004888e+00   1.9574389e+00
   2.4000000e+00   1.5000000e+00   1.4956012e+00   2.0060606e+00
   2.4200000e+00   1.5000000e+00   1.4956012e+00   2.0083480e+00
   2.4400000e+00   1.5000000e+00   1.4956012e+00   2.0106354e+00
   2.4600000e+00   1.5000000e+00   1.4907136e+00   2.0617986e+00
   2.4800000e+00   1.5000000e+00   1.4956012e+00   2.0177517e+00
   2.5000000e+00   1.5000000e+00   1.5004888e+00   1.9711632e+00
   2.5200000e+00   1.5000000e+00   1.5053763e+00   1.9220332e+00
   2.5400000e+00   1.5000000e+00   1.5053763e+00   1.9192375e+00
   2.5600000e+00   1.5000000e+00   1.5053763e+00   1.9164418e+00
   2.5800000e+00   1.5000000e+00   1.5004888e+00   1.9625220e+00
   2.6000000e+00   1.5000000e+00   1.4956012e+00   2.0111437e+00
   2.6200000e+00   1.5000000e+00   1.5004888e+00   1.9645552e+00
   2.6400000e+00   1.5000000e+00   1.5004888e+00   1.9643011e+00
   2.6600000e+00   1.5000000e+00   1.5053763e+00   1.9151711e+00
   2.6800000e+00   1.5000000e+00   1.5053763e+00   1.9123754e+00
   2.7000000e+00   1.5000000e+00   1.5053763e+00   1.9095797e+00
   2.7200000e+00   1.5000000e+00   1.5053763e+00   1.9067840e+00
   2.7400000e+00   1.5000000e+00   1.4956012e+00   2.0017400e+00
   2.7600000e+00   1.5000000e+00   1.5004888e+00   1.9551515e+00
   2.7800000e+00   1.5000000e+00   1.4956012e+00   2.0037732e+00
   2.8000000e+00   1.5000000e+00   1.5004888e+00   1.9571848e+00
   2.8200000e+00   1.5000000e+00   1.5004888e+00   1.9569306e+00
   2.8400000e+00   1.5000000e+00   1.4956012e+00   2.0055523e+00
   2.8600000e+00   1.5000000e+00   1.4956012e+00   2.0078397e+00
   2.8800000e+00   1.5000000e+00   1.4956012e+00   2.0101271e+00
   2.9000000e+00   1.5000000e+00   1.4956012e+00   2.0124145e+00
   2.9200000e+00   1.5000000e+00   1.4956012e+00   2.0147019e+00
   2.9400000e+00   1.5000000e+00   1.5004888e+00   1.9681134e+00
   2.9600000e+00   1.5000000e+00   1.5004888e+00   1.9678592e+00
   2.9800000e+00   1.5000000e+00   1.5004888e+00   1.9676051e+00
   3.0000000e+00   1.5000000e+00   1.5004888e+00   1.9673509e+00
   3.0200000e+00   1.5000000e+00   1.5053763e+00   1.9182209e+00
   3.0400000e+00   1.5000000e+00   1.5053763e+00   1.9154252e+00
   3.0600000e+00   1.5000000e+00   1.5053763e+00   1.9126295e+00
   3.0800000e+00   1.5000000e+00   1.5004888e+00   1.9587097e+00
   3.1000000e+00   1.5000000e+00   1.5053763e+00   1.9095797e+00
   3.1200000e+00   1.5000000e+00   1.5102639e+00   1.8579081e+00
   3.1400000e+00   1.5000000e+00   1.5102639e+00   1.8525709e+00
   3.1600000e+00   1.5000000e+00   1.5053763e+00   1.8961095e+00
   3.1800000e+00   1.5000000e+00   1.5004888e+00   1.9421896e+00
   3.2000000e+00   1.5000000e+00   1.5004888e+00   1.9419355e+00
   3.2200000e+00   1.5000000e+00   1.5004888e+00   1.9416813e+00
   3.2400000e+00   1.5000000e+00   1.5004888e+00   1.9414272e+00
   3.2600000e+00   1.5000000e+00   1.4956012e+00   1.9900489e+00
   3.2800000e+00   1.5000000e+00   1.4956012e+00   1.9923363e+00
   3.3000000e+00   1.5000000e+00   1.5004888e+00   1.9457478e+00
   3.3200000e+00   1.5000000e+00   1.5053763e+00   1.8966178e+00
   3.3400000e+00   1.5000000e+00   1.5102639e+00   1.8449462e+00
   3.3600000e+00   1.5000000e+00   1.5053763e+00   1.8884848e+00
   3.3800000e+00   1.5000000e+00   1.5004888e+00   1.9345650e+00
   3.4000000e+00   1.5000000e+00   1.4956012e+00   1.9831867e+00
   3.4200000e+00   1.5000000e+00   1.5004888e+00   1.9365982e+00
   3.4400000e+00   1.5000000e+00   1.5004888e+00   1.9363441e+00
   3.4600000e+00   1.5000000e+00   1.5102639e+00   1.8383382e+00
   3.4800000e+00   1.5000000e+00   1.4956012e+00   1.9796285e+00
   3.5000000e+00   1.5000000e+00   1.5004888e+00   1.9330401e+00
   3.5200000e+00   1.5000000e+00   1.5053763e+00   1.8839101e+00
   3.5400000e+00   1.5000000e+00   1.5004888e+00   1.9299902e+00
   3.5600000e+00   1.5000000e+00   1.5102639e+00   1.8319844e+00
   3.5800000e+00   1.5000000e+00   1.5102639e+00   1.8266471e+00
   3.6000000e+00   1.5000000e+00   1.5053763e+00   1.8701857e+00
   3.6200000e+00   1.5000000e+00   1.4956012e+00   1.9651417e+00
   3.6400000e+00   1.5000000e+00   1.5004888e+00   1.9185533e+00
   3.6600000e+00   1.5000000e+00   1.4956012e+00   1.9671750e+00
   3.6800000e+00   1.5000000e+00   1.5004888e+00   1.9205865e+00
   3.7000000e+00   1.5000000e+00   1.5004888e+00   1.9203324e+00
   3.7200000e+00   1.5000000e+00   1.4907136e+00   2.0178299e+00
   3.7400000e+00   1.5000000e+00   1.5004888e+00   1.9249071e+00
   3.7600000e+00   1.5000000e+00   1.5053763e+00   1.8757771e+00
   3.7800000e+00   1.5000000e+00   1.5004888e+00   1.9218573e+00
   3.8000000e+00   1.5000000e+00   1.4956012e+00   1.9704790e+00
   3.8200000e+00   1.5000000e+00   1.5004888e+00   1.9238905e+00
   3.8400000e+00   1.5000000e+00   1.4907136e+00   2.0213881e+00
   3.8600000e+00   1.5000000e+00   1.4956012e+00   1.9773412e+00
   3.8800000e+00   1.5000000e+00   1.4956012e+00   1.9796285e+00
   3.9000000e+00   1.5000000e+00   1.4907136e+00   2.0307918e+00
   3.9200000e+00   1.5000000e+00   1.5004888e+00   1.9378690e+00
   3.9400000e+00   1.5000000e+00   1.5053763e+00   1.8887390e+00
   3.9600000e+00   1.5000000e+00   1.5053763e+00   1.8859433e+00
   3.9800000e+00   1.5000000e+00   1.5004888e+00   1.9320235e+00
   4.0000000e+00   1.5000000e+00   1.5004888e+00   1.9317693e+00
   4.0200000e+00   1.5000000e+00   1.4956012e+00   1.9803910e+00
   4.0400000e+00   1.5000000e+00   1.4956012e+00   1.9826784e+00
   4.0600000e+00   1.5000000e+00   1.5004888e+00   1.9360899e+00
   4.0800000e+00   1.5000000e+00   1.4956012e+00   1.9847116e+00
   4.1000000e+00   1.5000000e+00   1.5004888e+00   1.9381232e+00
   4.1200000e+00   1.5000000e+00   1.4907136e+00   2.0356207e+00
   4.1400000e+00   1.5000000e+00   1.5004888e+00   1.9426979e+00
   4.1600000e+00   1.5000000e+00   1.4907136e+00   2.0401955e+00
   4.1800000e+00   1.5000000e+00   1.4956012e+00   1.9961486e+00
   4.2000000e+00   1.5000000e+00   1.4956012e+00   1.9984360e+00
   4.2200000e+00   1.5000000e+00   1.4956012e+00   2.0007234e+00
   4.2400000e+00   1.5000000e+00   1.5004888e+00   1.9541349e+00
   4.2600000e+00   1.5000000e+00   1.5053763e+00   1.9050049e+00
   4.2800000e+00   1.5000000e+00   1.5004888e+00   1.9510850e+00
   4.3000000e+00   1.5000000e+00   1.5004888e+00   1.9508309e+00
   4.3200000e+00   1.5000000e+00   1.5004888e+00   1.9505767e+00
   4.3400000e+00   1.5000000e+00   1.5053763e+00   1.9014467e+00
   4.3600000e+00   1.5000000e+00   1.5004888e+00   1.9475269e+00
   4.3800000e+00   1.5000000e+00   1.5004888e+00   1.9472727e+00
   4.4000000e+00   1.5000000e+00   1.4956012e+00   1.9958944e+00
   4.4200000e+00   1.5000000e+00   1.5004888e+00   1.9493060e+00
   4.4400000e+00   1.5000000e+00   1.4956012e+00   1.9979277e+00
   4.4600000e+00   1.5000000e+00   1.4956012e+00   2.0002151e+00
   4.4800000e+00   1.5000000e+00   1.4956012e+00   2.0025024e+00
   4.5000000e+00   1.5000000e+00   1.5053763e+00   1.9070381e+00
   4.5200000e+00   1.5000000e+00   1.4956012e+00   2.0019941e+00
   4.5400000e+00   1.5000000e+00   1.4956012e+00   2.0042815e+00
   4.5600000e+00   1.5000000e+00   1.4956012e+00   2.0065689e+00
   4.5800000e+00   1.5000000e+00   1.4907136e+00   2.0577322e+00
   4.6000000e+00   1.5000000e+00   1.4956012e+00   2.0136852e+00
   4.6200000e+00   1.5000000e+00   1.5004888e+00   1.9670968e+00
   4.6400000e+00   1.5000000e+00   1.5053763e+00   1.9179668e+00
   4.6600000e+00   1.5000000e+00   1.5053763e+00   1.9151711e+00
   4.6800000e+00   1.5000000e+00   1.5053763e+00   1.9123754e+00
   4.7000000e+00   1.5000000e+00   1.5004888e+00   1.9584555e+00
   4.7200000e+00   1.5000000e+00   1.5053763e+00   1.9093255e+00
   4.7400000e+00   1.5000000e+00   1.4956012e+00   2.0042815e+00
   4.7600000e+00   1.5000000e+00   1.5004888e+00   1.9576931e+00
   4.7800000e+00   1.5000000e+00   1.5004888e+00   1.9574389e+00
   4.8000000e+00   1.5000000e+00   1.5004888e+00   1.9571848e+00
   4.8200000e+00   1.5000000e+00   1.5004888e+00   1.9569306e+00
   4.8400000e+00   1.5000000e+00   1.4956012e+00   2.0055523e+00
   4.8600000e+00   1.5000000e+00   1.5004888e+00   1.9589638e+00
   4.8800000e+00   1.5000000e+00   1.4956012e+00   2.0075855e+00
   4.9000000e+00   1.5000000e+00   1.5004888e+00   1.9609971e+00
   4.9200000e+00   1.5000000e+00   1.5004888e+00   1.9607429e+00
   4.9400000e+00   1.5000000e+00   1.5004888e+00   1.9604888e+00
   4.9600000e+00   1.5000000e+00   1.4956012e+00   2.0091105e+00
   4.9800000e+00   1.5000000e+00   1.4956012e+00   2.0113978e+00
   5.0000000e+00   1.0000000e+00   1.4956012e+00  -2.9863148e+00
   5.0200000e+00   1.0000000e+00   1.4956012e+00  -3.2440274e+00
   5.0400000e+00   1.0000000e+00   1.4907136e+00  -3.4528641e+00
   5.0600000e+00   1.0000000e+00   1.4711632e+00  -3.5125318e+00
   5.0800000e+00   1.0000000e+00   1.4125122e+00  -3.1710264e+00
   5.1000000e+00   1.0000000e+00   1.3782991e+00  -3.0434018e+00
   5.1200000e+00   1.0000000e+00   1.3391984e+00  -2.8491105e+00
   5.1400000e+00   1.0000000e+00   1.3000978e+00  -2.6344868e+00
   5.1600000e+00   1.0000000e+00   1.2316716e+00  -2.1062757e+00
   5.1800000e+00   1.0000000e+00   1.1974585e+00  -1.8846139e+00
   5.2000000e+00   1.0000000e+00   1.1534702e+00  -1.5474096e+00
   5.2200000e+00   1.0000000e+00   1.1143695e+00  -1.2362072e+00
   5.2400000e+00   1.0000000e+00   1.0801564e+00  -9.5354839e-01
   5.2600000e+00   1.0000000e+00   1.0508309e+00  -7.0197458e-01
   5.2800000e+00   1.0000000e+00   1.0166178e+00  -3.8627566e-01
   5.3000000e+00   1.0000000e+00   9.7262952e-01   4.4965787e-02
   5.3200000e+00   1.0000000e+00   9.4330401e-01   3.5245357e-01
   5.3400000e+00   1.0000000e+00   9.0909091e-01   7.2406647e-01
   5.3600000e+00   1.0000000e+00   8.7976540e-01   1.0645943e+00
   5.3800000e+00   1.0000000e+00   8.6021505e-01   1.3226197e+00
   5.4000000e+00   1.0000000e+00   8.4555230e-01   1.5419355e+00
   5.4200000e+00   1.0000000e+00   8.3577713e-01   1.7200000e+00
   5.4400000e+00   1.0000000e+00   8.4555230e-01   1.7076442e+00
   5.4600000e+00   1.0000000e+00   8.5532747e-01   1.6902053e+00
   5.4800000e+00   1.0000000e+00   8.6021505e-01   1.7165591e+00
   5.5000000e+00   1.0000000e+00   8.8465298e-01   1.5448680e+00
   5.5200000e+00   1.0000000e+00   9.0909091e-01   1.3604692e+00
   5.5400000e+00   1.0000000e+00   9.2375367e-01   1.2611144e+00
   5.5600000e+00   1.0000000e+00   9.3352884e-01   1.2030108e+00
   5.5800000e+00   1.0000000e+00   9.4330401e-01   1.1398240e+00
   5.6000000e+00   1.0000000e+00   9.4330401e-01   1.1693060e+00
   5.6200000e+00   1.0000000e+00   9.4819159e-01   1.1499120e+00
   5.6400000e+00   1.0000000e+00   9.3841642e-01   1.2746041e+00
   5.6600000e+00   1.0000000e+00   9.3841642e-01   1.3066276e+00
   5.6800000e+00   1.0000000e+00   9.4330401e-01   1.2897752e+00
   5.7000000e+00   1.0000000e+00   9.3352884e-01   1.4170088e+00
   5.7200000e+00   1.0000000e+00   9.3841642e-01   1.4026979e+00
   5.7400000e+00   1.0000000e+00   9.4819159e-01   1.3369697e+00
   5.7600000e+00   1.0000000e+00   9.5796676e-01   1.2661584e+00
   5.7800000e+00   1.0000000e+00   9.5307918e-01   1.3368915e+00
   5.8000000e+00   1.0000000e+00   9.5307918e-01   1.3612903e+00
   5.8200000e+00   1.0000000e+00   9.5796676e-01   1.3368133e+00
   5.8400000e+00   1.0000000e+00   9.5796676e-01   1.3586706e+00
   5.8600000e+00   1.0000000e+00   9.6774194e-01   1.2827761e+00
   5.8800000e+00   1.0000000e+00   9.6285435e-01   1.3484262e+00
   5.9000000e+00   1.0000000e+00   9.7262952e-01   1.2699902e+00
   5.9200000e+00   1.0000000e+00   9.7751711e-01   1.2353470e+00
   5.9400000e+00   1.0000000e+00   9.7751711e-01   1.2470381e+00
   5.9600000e+00   1.0000000e+00   9.7262952e-01   1.3076051e+00
   5.9800000e+00   1.0000000e+00   9.7262952e-01   1.3218377e+00
   6.0000000e+00   1.0000000e+00   9.7262952e-01   1.3360704e+00
   6.0200000e+00   1.0000000e+00   9.7751711e-01   1.3014272e+00
   6.0400000e+00   1.0000000e+00   9.6774194e-01   1.4108700e+00
   6.0600000e+00   1.0000000e+00   9.7751711e-01   1.3298925e+00
   6.0800000e+00   1.0000000e+00   9.7751711e-01   1.3415836e+00
   6.1000000e+00   1.0000000e+00   9.7751711e-01   1.3532747e+00
   6.1200000e+00   1.0000000e+00   9.9217986e-01   1.2183382e+00
   6.1400000e+00   1.0000000e+00   9.9217986e-01   1.2224047e+00
   6.1600000e+00   1.0000000e+00   9.9217986e-01   1.2264712e+00
   6.1800000e+00   1.0000000e+00   9.8240469e-01   1.3282893e+00
   6.2000000e+00   1.0000000e+00   9.8240469e-01   1.3374389e+00
   6.2200000e+00   1.0000000e+00   9.8240469e-01   1.3465885e+00
   6.2400000e+00   1.0000000e+00   9.8240469e-01   1.3557380e+00
   6.2600000e+00   1.0000000e+00   9.8240469e-01   1.3648876e+00
   6.2800000e+00   1.0000000e+00   9.9217986e-01   1.2762854e+00
   6.3000000e+00   1.0000000e+00   9.9706745e-01   1.2314761e+00
   6.3200000e+00   1.0000000e+00   1.0019550e+00   1.1841251e+00
   6.3400000e+00   1.0000000e+00   9.8729228e-01   1.3297361e+00
   6.3600000e+00   1.0000000e+00   9.9217986e-01   1.2874682e+00
   6.3800000e+00   1.0000000e+00   9.9217986e-01   1.2915347e+00
   6.4000000e+00   1.0000000e+00   9.8240469e-01   1.3933529e+00
   6.4200000e+00   1.0000000e+00   9.8729228e-01   1.3536266e+00
   6.4400000e+00   1.0000000e+00   9.8240469e-01   1.4091105e+00
   6.4600000e+00   1.0000000e+00   9.8240469e-01   1.4182600e+00
   6.4800000e+00   1.0000000e+00   9.9217986e-01   1.3296579e+00
   6.5000000e+00   1.0000000e+00   9.9217986e-01   1.3337243e+00
   6.5200000e+00   1.0000000e+00   9.9706745e-01   1.2889150e+00
   6.5400000e+00   1.0000000e+00   9.9706745e-01   1.2904399e+00
   6.5600000e+00   1.0000000e+00   1.0019550e+00   1.2430890e+00
   6.5800000e+00   1.0000000e+00   9.9706745e-01   1.2909482e+00
   6.6000000e+00   1.0000000e+00   9.9217986e-01   1.3413490e+00
   6.6200000e+00   1.0000000e+00   9.8729228e-01   1.3942913e+00
   6.6400000e+00   1.0000000e+00   9.9217986e-01   1.3520235e+00
   6.6600000e+00   1.0000000e+00   9.9217986e-01   1.3560899e+00
   6.6800000e+00   1.0000000e+00   9.9217986e-01   1.3601564e+00
   6.7000000e+00   1.0000000e+00   1.0019550e+00   1.2664712e+00
   6.7200000e+00   1.0000000e+00   9.9706745e-01   1.3143304e+00
   6.7400000e+00   1.0000000e+00   9.9217986e-01   1.3647312e+00
   6.7600000e+00   1.0000000e+00   9.9706745e-01   1.3199218e+00
   6.7800000e+00   1.0000000e+00   1.0019550e+00   1.2725709e+00
   6.8000000e+00   1.0000000e+00   1.0019550e+00   1.2715543e+00
   6.8200000e+00   1.0000000e+00   9.9217986e-01   1.3682893e+00
   6.8400000e+00   1.0000000e+00   9.9706745e-01   1.3234800e+00
   6.8600000e+00   1.0000000e+00   9.9706745e-01   1.3250049e+00
   6.8800000e+00   1.0000000e+00   1.0019550e+00   1.2776540e+00
   6.9000000e+00   1.0000000e+00   1.0019550e+00   1.2766373e+00
   6.9200000e+00   1.0000000e+00   9.9217986e-01   1.3733724e+00
   6.9400000e+00   1.0000000e+00   1.0019550e+00   1.2796872e+00
   6.9600000e+00   1.0000000e+00   9.9217986e-01   1.3764223e+00
   6.9800000e+00   1.0000000e+00   9.9217986e-01   1.3804888e+00
   7.0000000e+00   1.0000000e+00   9.9217986e-01   1.3845552e+00
   7.0200000e+00   1.0000000e+00   9.8729228e-01   1.4374976e+00
   7.0400000e+00   1.0000000e+00   1.0019550e+00   1.2974780e+00
   7.0600000e+00   1.0000000e+00   1.0019550e+00   1.2964614e+00
   7.0800000e+00   1.0000000e+00   1.0019550e+00   1.2954448e+00
   7.1000000e+00   1.0000000e+00   9.9217986e-01   1.3921799e+00
   7.1200000e+00   1.0000000e+00   9.9706745e-01   1.3473705e+00
   7.1400000e+00   1.0000000e+00   9.9706745e-01   1.3488954e+00
   7.1600000e+00   1.0000000e+00   9.9706745e-01   1.3504203e+00
   7.1800000e+00   1.0000000e+00   1.0019550e+00   1.3030694e+00
   7.2000000e+00   1.0000000e+00   9.9706745e-01   1.3509286e+00
   7.2200000e+00   1.0000000e+00   9.9706745e-01   1.3524536e+00
   7.2400000e+00   1.0000000e+00   9.9706745e-01   1.3539785e+00
   7.2600000e+00   1.0000000e+00   1.0019550e+00   1.3066276e+00
   7.2800000e+00   1.0000000e+00   9.9706745e-01   1.3544868e+00
   7.3000000e+00   1.0000000e+00   1.0068426e+00   1.2582600e+00
   7.3200000e+00   1.0000000e+00   1.0068426e+00   1.2547019e+00
   7.3400000e+00   1.0000000e+00   1.0019550e+00   1.3000196e+00
   7.3600000e+00   1.0000000e+00   9.9706745e-01   1.3478788e+00
   7.3800000e+00   1.0000000e+00   9.9706745e-01   1.3494037e+00
   7.4000000e+00   1.0000000e+00   1.0019550e+00   1.3020528e+00
   7.4200000e+00   1.0000000e+00   1.0019550e+00   1.3010362e+00
   7.4400000e+00   1.0000000e+00   1.0019550e+00   1.3000196e+00
   7.4600000e+00   1.0000000e+00   9.9706745e-01   1.3478788e+00
   7.4800000e+00   1.0000000e+00   9.9706745e-01   1.3494037e+00
   7.5000000e+00   1.0000000e+00   9.9217986e-01   1.3998045e+00
   7.5200000e+00   1.0000000e+00   9.8729228e-01   1.4527468e+00
   7.5400000e+00   1.0000000e+00   9.8729228e-01   1.4593548e+00
   7.5600000e+00   1.0000000e+00   9.9706745e-01   1.3682111e+00
   7.5800000e+00   1.0000000e+00   9.9706745e-01   1.3697361e+00
   7.6000000e+00   1.0000000e+00   1.0068426e+00   1.2735093e+00
   7.6200000e+00   1.0000000e+00   1.0068426e+00   1.2699511e+00
   7.6400000e+00   1.0000000e+00   1.0166178e+00   1.1686413e+00
   7.6600000e+00   1.0000000e+00   1.0019550e+00   1.3066276e+00
   7.6800000e+00   1.0000000e+00   1.0068426e+00   1.2567351e+00
   7.7000000e+00   1.0000000e+00   9.9217986e-01   1.3998045e+00
   7.7200000e+00   1.0000000e+00   9.8729228e-01   1.4527468e+00
   7.7400000e+00   1.0000000e+00   1.0019550e+00   1.3127273e+00
   7.7600000e+00   1.0000000e+00   9.8240469e-01   1.5072141e+00
   7.7800000e+00   1.0000000e+00   9.9217986e-01   1.4186119e+00
   7.8000000e+00   1.0000000e+00   9.9217986e-01   1.4226784e+00
   7.8200000e+00   1.0000000e+00   1.0019550e+00   1.3289932e+00
   7.8400000e+00   1.0000000e+00   1.0019550e+00   1.3279765e+00
   7.8600000e+00   1.0000000e+00   1.0117302e+00   1.2292082e+00
   7.8800000e+00   1.0000000e+00   1.0068426e+00   1.2719844e+00
   7.9000000e+00   1.0000000e+00   1.0117302e+00   1.2195503e+00
   7.9200000e+00   1.0000000e+00   1.0068426e+00   1.2623265e+00
   7.9400000e+00   1.0000000e+00   1.0019550e+00   1.3076442e+00
   7.9600000e+00   1.0000000e+00   9.9706745e-01   1.3555034e+00
   7.9800000e+00   1.0000000e+00   9.9217986e-01   1.4059042e+00
   8.0000000e+00   1.0000000e+00   9.9217986e-01   1.4099707e+00
   8.0200000e+00   1.0000000e+00   9.9706745e-01   1.3651613e+00
   8.0400000e+00   1.0000000e+00   1.0019550e+00   1.3178104e+00
   8.0600000e+00   1.0000000e+00   9.9706745e-01   1.3656696e+00
   8.0800000e+00   1.0000000e+00   9.9706745e-01   1.3671945e+00
   8.1000000e+00   1.0000000e+00   9.9217986e-01   1.4175953e+00
   8.1200000e+00   1.0000000e+00   1.0019550e+00   1.3239101e+00
   8.1400000e+00   1.0000000e+00   1.0019550e+00   1.3228935e+00
   8.1600000e+00   1.0000000e+00   1.0166178e+00   1.1752493e+00
   8.1800000e+00   1.0000000e+00   1.0019550e+00   1.3132356e+00
   8.2000000e+00   1.0000000e+00   1.0068426e+00   1.2633431e+00
   8.2200000e+00   1.0000000e+00   1.0019550e+00   1.3086608e+00
   8.2400000e+00   1.0000000e+00   9.9706745e-01   1.3565200e+00
   8.2600000e+00   1.0000000e+00   9.9706745e-01   1.3580450e+00
   8.2800000e+00   1.0000000e+00   9.9706745e-01   1.3595699e+00
   8.3000000e+00   1.0000000e+00   9.9217986e-01   1.4099707e+00
   8.3200000e+00   1.0000000e+00   1.0019550e+00   1.3162854e+00
   8.3400000e+00   1.0000000e+00   1.0068426e+00   1.2663930e+00
   8.3600000e+00   1.0000000e+00   1.0019550e+00   1.3117107e+00
   8.3800000e+00   1.0000000e+00   1.0019550e+00   1.3106940e+00
   8.4000000e+00   1.0000000e+00   1.0117302e+00   1.2119257e+00
   8.4200000e+00   1.0000000e+00   1.0019550e+00   1.3035777e+00
   8.4400000e+00   1.0000000e+00   1.0019550e+00   1.3025611e+00
   8.4600000e+00   1.0000000e+00   1.0019550e+00   1.3015445e+00
   8.4800000e+00   1.0000000e+00   9.9217986e-01   1.3982796e+00
   8.5000000e+00   1.0000000e+00   1.0068426e+00   1.2557185e+00
   8.5200000e+00   1.0000000e+00   1.0019550e+00   1.3010362e+00
   8.5400000e+00   1.0000000e+00   9.9706745e-01   1.3488954e+00
   8.5600000e+00   1.0000000e+00   1.0019550e+00   1.3015445e+00
   8.5800000e+00   1.0000000e+00   1.0019550e+00   1.3005279e+00
   8.6000000e+00   1.0000000e+00   9.9706745e-01   1.3483871e+00
   8.6200000e+00   1.0000000e+00   9.9706745e-01   1.3499120e+00
   8.6400000e+00   1.0000000e+00   9.9217986e-01   1.4003128e+00
   8.6600000e+00   1.0000000e+00   9.9706745e-01   1.3555034e+00
   8.6800000e+00   1.0000000e+00   1.0019550e+00   1.3081525e+00
   8.7000000e+00   1.0000000e+00   9.9706745e-01   1.3560117e+00
   8.7200000e+00   1.0000000e+00   1.0019550e+00   1.3086608e+00
   8.7400000e+00   1.0000000e+00   1.0068426e+00   1.2587683e+00
   8.7600000e+00   1.0000000e+00   1.0068426e+00   1.2552102e+00
   8.7800000e+00   1.0000000e+00   1.0019550e+00   1.3005279e+00
   8.8000000e+00   1.0000000e+00   9.9706745e-01   1.3483871e+00
   8.8200000e+00   1.0000000e+00   9.9706745e-01   1.3499120e+00
   8.8400000e+00   1.0000000e+00   9.9217986e-01   1.4003128e+00
   8.8600000e+00   1.0000000e+00   1.0019550e+00   1.3066276e+00
   8.8800000e+00   1.0000000e+00   9.9706745e-01   1.3544868e+00
   8.9000000e+00   1.0000000e+00   1.0019550e+00   1.3071359e+00
   8.9200000e+00   1.0000000e+00   9.9706745e-01   1.3549951e+00
   8.9400000e+00   1.0000000e+00   9.9706745e-01   1.3565200e+00
   8.9600000e+00   1.0000000e+00   1.0019550e+00   1.3091691e+00
   8.9800000e+00   1.0000000e+00   9.9706745e-01   1.3570283e+00
   9.0000000e+00   1.0000000e+00   1.0019550e+00   1.3096774e+00
   9.0200000e+00   1.0000000e+00   1.0068426e+00   1.2597849e+00
   9.0400000e+00   1.0000000e+00   1.0117302e+00   1.2073509e+00
   9.0600000e+00   1.0000000e+00   1.0019550e+00   1.2990029e+00
   9.0800000e+00   1.0000000e+00   1.0019550e+00   1.2979863e+00
   9.1000000e+00   1.0000000e+00   1.0019550e+00   1.2969697e+00
   9.1200000e+00   1.0000000e+00   9.9706745e-01   1.3448289e+00
   9.1400000e+00   1.0000000e+00   1.0019550e+00   1.2974780e+00
   9.1600000e+00   1.0000000e+00   1.0019550e+00   1.2964614e+00
   9.1800000e+00   1.0000000e+00   1.0019550e+00   1.2954448e+00
   9.2000000e+00   1.0000000e+00   1.0019550e+00   1.2944282e+00
   9.2200000e+00   1.0000000e+00   1.0068426e+00   1.2445357e+00
   9.2400000e+00   1.0000000e+00   1.0019550e+00   1.2898534e+00
   9.2600000e+00   1.0000000e+00   1.0068426e+00   1.2399609e+00
   9.2800000e+00   1.0000000e+00   9.9706745e-01   1.3341544e+00
   9.3000000e+00   1.0000000e+00   9.9706745e-01   1.3356794e+00
   9.3200000e+00   1.0000000e+00   9.9217986e-01   1.3860802e+00
   9.3400000e+00   1.0000000e+00   9.9217986e-01   1.3901466e+00
   9.3600000e+00   1.0000000e+00   9.9706745e-01   1.3453372e+00
   9.3800000e+00   1.0000000e+00   9.9706745e-01   1.3468622e+00
   9.4000000e+00   1.0000000e+00   1.0117302e+00   1.2017595e+00
   9.4200000e+00   1.0000000e+00   1.0068426e+00   1.2445357e+00
   9.4400000e+00   1.0000000e+00   1.0019550e+00   1.2898534e+00
   9.4600000e+00   1.0000000e+00   1.0019550e+00   1.2888368e+00
   9.4800000e+00   1.0000000e+00   9.9706745e-01   1.3366960e+00
   9.5000000e+00   1.0000000e+00   1.0019550e+00   1.2893451e+00
   9.5200000e+00   1.0000000e+00   9.9217986e-01   1.3860802e+00
   9.5400000e+00   1.0000000e+00   9.9706745e-01   1.3412708e+00
   9.5600000e+00   1.0000000e+00   1.0019550e+00   1.2939198e+00
   9.5800000e+00   1.0000000e+00   9.9706745e-01   1.3417791e+00
   9.6000000e+00   1.0000000e+00   1.0068426e+00   1.2455523e+00
   9.6200000e+00   1.0000000e+00   1.0068426e+00   1.2419941e+00
   9.6400000e+00   1.0000000e+00   1.0019550e+00   1.2873118e+00
   9.6600000e+00   1.0000000e+00   1.0019550e+00   1.2862952e+00
   9.6800000e+00   1.0000000e+00   1.0019550e+00   1.2852786e+00
   9.7000000e+00   1.0000000e+00   9.8729228e-01   1.4308895e+00
   9.7200000e+00   1.0000000e+00   9.8729228e-01   1.4374976e+00
   9.7400000e+00   1.0000000e+00   9.8729228e-01   1.4441056e+00
   9.7600000e+00   1.0000000e+00   1.0068426e+00   1.2552102e+00
   9.7800000e+00   1.0000000e+00   1.0117302e+00   1.2027761e+00
   9.8000000e+00   1.0000000e+00   1.0166178e+00   1.1478006e+00
   9.8200000e+00   1.0000000e+00   1.0117302e+00   1.1880352e+00
   9.8400000e+00   1.0000000e+00   1.0019550e+00   1.2796872e+00
   9.8600000e+00   1.0000000e+00   9.9706745e-01   1.3275464e+00
   9.8800000e+00   1.0000000e+00   1.0019550e+00   1.2801955e+00
   9.9000000e+00   1.0000000e+00   9.9217986e-01   1.3769306e+00
   9.9200000e+00   1.0000000e+00   1.0019550e+00   1.2832454e+00
   9.9400000e+00   1.0000000e+00   1.0019550e+00   1.2822287e+00
   9.9600000e+00   1.0000000e+00   9.9217986e-01   1.3789638e+00
   9.9800000e+00   1.0000000e+00   9.8729228e-01   1.4319062e+00
   1.0000000e+01   1.5000000e+00   1.0019550e+00   6.2918866e+00
   1.0020000e+01   1.5000000e+00   9.9706745e-01   6.5997458e+00
   1.0040000e+01   1.5000000e+00   1.0263930e+00   6.5680156e+00
   1.0060000e+01   1.5000000e+00   1.1045943e+00   6.0322776e+00
   1.0080000e+01   1.5000000e+00   1.1925709e+00   5.3581232e+00
   1.0100000e+01   1.5000000e+00   1.3049853e+00   4.3938416e+00
   1.0120000e+01   1.5000000e+00   1.4173998e+00   3.3711046e+00
   1.0140000e+01   1.5000000e+00   1.4956012e+00   2.6320430e+00
   1.0160000e+01   1.5000000e+00   1.5542522e+00   2.0478201e+00
   1.0180000e+01   1.5000000e+00   1.6080156e+00   1.4819746e+00
   1.0200000e+01   1.5000000e+00   1.6275660e+00   1.2303030e+00
   1.0220000e+01   1.5000000e+00   1.6226784e+00   1.2128446e+00
   1.0240000e+01   1.5000000e+00   1.5933529e+00   1.4423069e+00
   1.0260000e+01   1.5000000e+00   1.5689150e+00   1.6381427e+00
   1.0280000e+01   1.5000000e+00   1.5640274e+00   1.6511828e+00
   1.0300000e+01   1.5000000e+00   1.5493646e+00   1.7645161e+00
   1.0320000e+01   1.5000000e+00   1.5298143e+00   1.9343500e+00
   1.0340000e+01   1.5000000e+00   1.5200391e+00   2.0165982e+00
   1.0360000e+01   1.5000000e+00   1.5102639e+00   2.1039296e+00
   1.0380000e+01   1.5000000e+00   1.5102639e+00   2.0985924e+00
   1.0400000e+01   1.5000000e+00   1.5053763e+00   2.1421310e+00
   1.0420000e+01   1.5000000e+00   1.5053763e+00   2.1393353e+00
   1.0440000e+01   1.5000000e+00   1.5102639e+00   2.0876637e+00
   1.0460000e+01   1.5000000e+00   1.5102639e+00   2.0823265e+00
   1.0480000e+01   1.5000000e+00   1.5200391e+00   1.9792375e+00
   1.0500000e+01   1.5000000e+00   1.5200391e+00   1.9688172e+00
   1.0520000e+01   1.5000000e+00   1.5200391e+00   1.9583969e+00
   1.0540000e+01   1.5000000e+00   1.5249267e+00   1.8991007e+00
   1.0560000e+01   1.5000000e+00   1.5249267e+00   1.8861388e+00
   1.0580000e+01   1.5000000e+00   1.5151515e+00   1.9709286e+00
   1.0600000e+01   1.5000000e+00   1.5151515e+00   1.9630499e+00
   1.0620000e+01   1.5000000e+00   1.5151515e+00   1.9551711e+00
   1.0640000e+01   1.5000000e+00   1.5102639e+00   1.9961681e+00
   1.0660000e+01   1.5000000e+00   1.5053763e+00   2.0397067e+00
   1.0680000e+01   1.5000000e+00   1.5053763e+00   2.0369110e+00
   1.0700000e+01   1.5000000e+00   1.5004888e+00   2.0829912e+00
   1.0720000e+01   1.5000000e+00   1.4956012e+00   2.1316129e+00
   1.0740000e+01   1.5000000e+00   1.4907136e+00   2.1827761e+00
   1.0760000e+01   1.5000000e+00   1.5004888e+00   2.0898534e+00
   1.0780000e+01   1.5000000e+00   1.5053763e+00   2.0407234e+00
   1.0800000e+01   1.5000000e+00   1.5004888e+00   2.0868035e+00
   1.0820000e+01   1.5000000e+00   1.4907136e+00   2.1843011e+00
   1.0840000e+01   1.5000000e+00   1.5004888e+00   2.0913783e+00
   1.0860000e+01   1.5000000e+00   1.4907136e+00   2.1888759e+00
   1.0880000e+01   1.5000000e+00   1.4956012e+00   2.1448289e+00
   1.0900000e+01   1.5000000e+00   1.5004888e+00   2.0982405e+00
   1.0920000e+01   1.5000000e+00   1.4956012e+00   2.1468622e+00
   1.0940000e+01   1.5000000e+00   1.4956012e+00   2.1491496e+00
   1.0960000e+01   1.5000000e+00   1.4956012e+00   2.1514370e+00
   1.0980000e+01   1.5000000e+00   1.5053763e+00   2.0559726e+00
   1.1000000e+01   1.5000000e+00   1.5053763e+00   2.0531769e+00
   1.1020000e+01   1.5000000e+00   1.5053763e+00   2.0503812e+00
   1.1040000e+01   1.5000000e+00   1.5004888e+00   2.0964614e+00
   1.1060000e+01   1.5000000e+00   1.5004888e+00   2.0962072e+00
   1.1080000e+01   1.5000000e+00   1.4956012e+00   2.1448289e+00
   1.1100000e+01   1.5000000e+00   1.4907136e+00   2.1959922e+00
   1.1120000e+01   1.5000000e+00   1.4956012e+00   2.1519453e+00
   1.1140000e+01   1.5000000e+00   1.5053763e+00   2.0564809e+00
   1.1160000e+01   1.5000000e+00   1.5053763e+00   2.0536852e+00
   1.1180000e+01   1.5000000e+00   1.5004888e+00   2.0997654e+00
   1.1200000e+01   1.5000000e+00   1.5053763e+00   2.0506354e+00
   1.1220000e+01   1.5000000e+00   1.5053763e+00   2.0478397e+00
   1.1240000e+01   1.5000000e+00   1.5004888e+00   2.0939198e+00
   1.1260000e+01   1.5000000e+00   1.5004888e+00   2.0936657e+00
   1.1280000e+01   1.5000000e+00   1.5004888e+00   2.0934115e+00
   1.1300000e+01   1.5000000e+00   1.5004888e+00   2.0931574e+00
   1.1320000e+01   1.5000000e+00   1.5004888e+00   2.0929032e+00
   1.1340000e+01   1.5000000e+00   1.4956012e+00   2.1415249e+00
   1.1360000e+01   1.5000000e+00   1.5053763e+00   2.0460606e+00
   1.1380000e+01   1.5000000e+00   1.5004888e+00   2.0921408e+00
   1.1400000e+01   1.5000000e+00   1.5004888e+00   2.0918866e+00
   1.1420000e+01   1.5000000e+00   1.4956012e+00   2.1405083e+00
   1.1440000e+01   1.5000000e+00   1.5004888e+00   2.0939198e+00
   1.1460000e+01   1.5000000e+00   1.5053763e+00   2.0447898e+00
   1.1480000e+01   1.5000000e+00   1.5053763e+00   2.0419941e+00
   1.1500000e+01   1.5000000e+00   1.5053763e+00   2.0391984e+00
   1.1520000e+01   1.5000000e+00   1.5053763e+00   2.0364027e+00
   1.1540000e+01   1.5000000e+00   1.5053763e+00   2.0336070e+00
   1.1560000e+01   1.5000000e+00   1.5053763e+00   2.0308113e+00
   1.1580000e+01   1.5000000e+00   1.5053763e+00   2.0280156e+00
   1.1600000e+01   1.5000000e+00   1.5053763e+00   2.0252199e+00
   1.1620000e+01   1.5000000e+00   1.4956012e+00   2.1201760e+00
   1.1640000e+01   1.5000000e+00   1.5004888e+00   2.0735875e+00
   1.1660000e+01   1.5000000e+00   1.4907136e+00   2.1710850e+00
   1.1680000e+01   1.5000000e+00   1.5053763e+00   2.0292864e+00
   1.1700000e+01   1.5000000e+00   1.5053763e+00   2.0264907e+00
   1.1720000e+01   1.5000000e+00   1.5053763e+00   2.0236950e+00
   1.1740000e+01   1.5000000e+00   1.5102639e+00   1.9720235e+00
   1.1760000e+01   1.5000000e+00   1.5004888e+00   2.0644379e+00
   1.1780000e+01   1.5000000e+00   1.5004888e+00   2.0641838e+00
   1.1800000e+01   1.5000000e+00   1.4956012e+00   2.1128055e+00
   1.1820000e+01   1.5000000e+00   1.5053763e+00   2.0173412e+00
   1.1840000e+01   1.5000000e+00   1.5053763e+00   2.0145455e+00
   1.1860000e+01   1.5000000e+00   1.4907136e+00   2.1583773e+00
   1.1880000e+01   1.5000000e+00   1.4907136e+00   2.1632063e+00
   1.1900000e+01   1.5000000e+00   1.4907136e+00   2.1680352e+00
   1.1920000e+01   1.5000000e+00   1.5004888e+00   2.0751124e+00
   1.1940000e+01   1.5000000e+00   1.5004888e+00   2.0748583e+00
   1.1960000e+01   1.5000000e+00   1.5004888e+00   2.0746041e+00
   1.1980000e+01   1.5000000e+00   1.4956012e+00   2.1232258e+00
   1.2000000e+01   1.5000000e+00   1.5053763e+00   2.0277615e+00
   1.2020000e+01   1.5000000e+00   1.5053763e+00   2.0249658e+00
   1.2040000e+01   1.5000000e+00   1.5102639e+00   1.9732942e+00
   1.2060000e+01   1.5000000e+00   1.5053763e+00   2.0168328e+00
   1.2080000e+01   1.5000000e+00   1.5053763e+00   2.0140371e+00
   1.2100000e+01   1.5000000e+00   1.5053763e+00   2.0112414e+00
   1.2120000e+01   1.5000000e+00   1.5053763e+00   2.0084457e+00
   1.2140000e+01   1.5000000e+00   1.5053763e+00   2.0056500e+00
   1.2160000e+01   1.5000000e+00   1.5053763e+00   2.0028543e+00
   1.2180000e+01   1.5000000e+00   1.5004888e+00   2.0489345e+00
   1.2200000e+01   1.5000000e+00   1.5004888e+00   2.0486804e+00
   1.2220000e+01   1.5000000e+00   1.4956012e+00   2.0973021e+00
   1.2240000e+01   1.5000000e+00   1.5004888e+00   2.0507136e+00
   1.2260000e+01   1.5000000e+00   1.4956012e+00   2.0993353e+00
   1.2280000e+01   1.5000000e+00   1.5004888e+00   2.0527468e+00
   1.2300000e+01   1.5000000e+00   1.4956012e+00   2.1013685e+00
   1.2320000e+01   1.5000000e+00   1.5053763e+00   2.0059042e+00
   1.2340000e+01   1.5000000e+00   1.5053763e+00   2.0031085e+00
   1.2360000e+01   1.5000000e+00   1.4956012e+00   2.0980645e+00
   1.2380000e+01   1.5000000e+00   1.5053763e+00   2.0026002e+00
   1.2400000e+01   1.5000000e+00   1.4956012e+00   2.0975562e+00
   1.2420000e+01   1.5000000e+00   1.5004888e+00   2.0509677e+00
   1.2440000e+01   1.5000000e+00   1.5004888e+00   2.0507136e+00
   1.2460000e+01   1.5000000e+00   1.5004888e+00   2.0504594e+00
   1.2480000e+01   1.5000000e+00   1.5004888e+00   2.0502053e+00
   1.2500000e+01   1.5000000e+00   1.5004888e+00   2.0499511e+00
   1.2520000e+01   1.5000000e+00   1.4907136e+00   2.1474487e+00
   1.2540000e+01   1.5000000e+00   1.4907136e+00   2.1522776e+00
   1.2560000e+01   1.5000000e+00   1.4956012e+00   2.1082307e+00
   1.2580000e+01   1.5000000e+00   1.5004888e+00   2.0616422e+00
   1.2600000e+01   1.5000000e+00   1.5004888e+00   2.0613881e+00
   1.2620000e+01   1.5000000e+00   1.5004888e+00   2.0611339e+00
   1.2640000e+01   1.5000000e+00   1.5102639e+00   1.9631281e+00
   1.2660000e+01   1.5000000e+00   1.5053763e+00   2.0066667e+00
   1.2680000e+01   1.5000000e+00   1.4956012e+00   2.1016227e+00
   1.2700000e+01   1.5000000e+00   1.4956012e+00   2.1039101e+00
   1.2720000e+01   1.5000000e+00   1.4907136e+00   2.1550733e+00
   1.2740000e+01   1.5000000e+00   1.4956012e+00   2.1110264e+00
   1.2760000e+01   1.5000000e+00   1.5004888e+00   2.0644379e+00
   1.2780000e+01   1.5000000e+00   1.5053763e+00   2.0153079e+00
   1.2800000e+01   1.5000000e+00   1.5004888e+00   2.0613881e+00
   1.2820000e+01   1.5000000e+00   1.5004888e+00   2.0611339e+00
   1.2840000e+01   1.5000000e+00   1.5053763e+00   2.0120039e+00
   1.2860000e+01   1.5000000e+00   1.5004888e+00   2.0580841e+00
   1.2880000e+01   1.5000000e+00   1.5053763e+00   2.0089541e+00
   1.2900000e+01   1.5000000e+00   1.5102639e+00   1.9572825e+00
   1.2920000e+01   1.5000000e+00   1.5102639e+00   1.9519453e+00
   1.2940000e+01   1.5000000e+00   1.5102639e+00   1.9466080e+00
   1.2960000e+01   1.5000000e+00   1.5053763e+00   1.9901466e+00
   1.2980000e+01   1.5000000e+00   1.5053763e+00   1.9873509e+00
   1.3000000e+01   1.5000000e+00   1.4956012e+00   2.0823069e+00
   1.3020000e+01   1.5000000e+00   1.4956012e+00   2.0845943e+00
   1.3040000e+01   1.5000000e+00   1.4956012e+00   2.0868817e+00
   1.3060000e+01   1.5000000e+00   1.5004888e+00   2.0402933e+00
   1.3080000e+01   1.5000000e+00   1.5004888e+00   2.0400391e+00
   1.3100000e+01   1.5000000e+00   1.4956012e+00   2.0886608e+00
   1.3120000e+01   1.5000000e+00   1.4956012e+00   2.0909482e+00
   1.3140000e+01   1.5000000e+00   1.4956012e+00   2.0932356e+00
   1.3160000e+01   1.5000000e+00   1.4956012e+00   2.0955230e+00
   1.3180000e+01   1.5000000e+00   1.5053763e+00   2.0000587e+00
   1.3200000e+01   1.5000000e+00   1.5053763e+00   1.9972630e+00
   1.3220000e+01   1.5000000e+00   1.5004888e+00   2.0433431e+00
   1.3240000e+01   1.5000000e+00   1.5053763e+00   1.9942131e+00
   1.3260000e+01   1.5000000e+00   1.5102639e+00   1.9425415e+00
   1.3280000e+01   1.5000000e+00   1.5102639e+00   1.9372043e+00
   1.3300000e+01   1.5000000e+00   1.5053763e+00   1.9807429e+00
   1.3320000e+01   1.5000000e+00   1.5102639e+00   1.9290714e+00
   1.3340000e+01   1.5000000e+00   1.5102639e+00   1.9237341e+00
   1.3360000e+01   1.5000000e+00   1.5151515e+00   1.8695210e+00
   1.3380000e+01   1.5000000e+00   1.5151515e+00   1.8616422e+00
   1.3400000e+01   1.5000000e+00   1.5102639e+00   1.9026393e+00
   1.3420000e+01   1.5000000e+00   1.5004888e+00   1.9950538e+00
   1.3440000e+01   1.5000000e+00   1.5102639e+00   1.8970479e+00
   1.3460000e+01   1.5000000e+00   1.5053763e+00   1.9405865e+00
   1.3480000e+01   1.5000000e+00   1.4956012e+00   2.0355425e+00
   1.3500000e+01   1.5000000e+00   1.5004888e+00   1.9889541e+00
   1.3520000e+01   1.5000000e+00   1.5004888e+00   1.9886999e+00
   1.3540000e+01   1.5000000e+00   1.5053763e+00   1.9395699e+00
   1.3560000e+01   1.5000000e+00   1.5004888e+00   1.9856500e+00
   1.3580000e+01   1.5000000e+00   1.5053763e+00   1.9365200e+00
   1.3600000e+01   1.5000000e+00   1.4956012e+00   2.0314761e+00
   1.3620000e+01   1.5000000e+00   1.5004888e+00   1.9848876e+00
   1.3640000e+01   1.5000000e+00   1.5053763e+00   1.9357576e+00
   1.3660000e+01   1.5000000e+00   1.5053763e+00   1.9329619e+00
   1.3680000e+01   1.5000000e+00   1.5053763e+00   1.9301662e+00
   1.3700000e+01   1.5000000e+00   1.5004888e+00   1.9762463e+00
   1.3720000e+01   1.5000000e+00   1.5004888e+00   1.9759922e+00
   1.3740000e+01   1.5000000e+00   1.5053763e+00   1.9268622e+00
   1.3760000e+01   1.5000000e+00   1.5004888e+00   1.9729423e+00
   1.3780000e+01   1.5000000e+00   1.5004888e+00   1.9726882e+00
   1.3800000e+01   1.5000000e+00   1.5053763e+00   1.9235582e+00
   1.3820000e+01   1.5000000e+00   1.5004888e+00   1.9696383e+00
   1.3840000e+01   1.5000000e+00   1.5053763e+00   1.9205083e+00
   1.3860000e+01   1.5000000e+00   1.5004888e+00   1.9665885e+00
   1.3880000e+01   1.5000000e+00   1.5053763e+00   1.9174585e+00
   1.3900000e+01   1.5000000e+00   1.5053763e+00   1.9146628e+00
   1.3920000e+01   1.5000000e+00   1.4956012e+00   2.0096188e+00
   1.3940000e+01   1.5000000e+00   1.4907136e+00   2.0607820e+00
   1.3960000e+01   1.5000000e+00   1.4956012e+00   2.0167351e+00
   1.3980000e+01   1.5000000e+00   1.4956012e+00   2.0190225e+00
   1.4000000e+01   1.5000000e+00   1.5004888e+00   1.9724340e+00
   1.4020000e+01   1.5000000e+00   1.5053763e+00   1.9233040e+00
   1.4040000e+01   1.5000000e+00   1.5102639e+00   1.8716325e+00
   1.4060000e+01   1.5000000e+00   1.5004888e+00   1.9640469e+00
   1.4080000e+01   1.5000000e+00   1.5004888e+00   1.9637928e+00
   1.4100000e+01   1.5000000e+00   1.5004888e+00   1.9635386e+00
   1.4120000e+01   1.5000000e+00   1.5004888e+00   1.9632845e+00
   1.4140000e+01   1.5000000e+00   1.4956012e+00   2.0119062e+00
   1.4160000e+01   1.5000000e+00   1.5004888e+00   1.9653177e+00
   1.4180000e+01   1.5000000e+00   1.4956012e+00   2.0139394e+00
   1.4200000e+01   1.5000000e+00   1.5004888e+00   1.9673509e+00
   1.4220000e+01   1.5000000e+00   1.4956012e+00   2.0159726e+00
   1.4240000e+01   1.5000000e+00   1.5004888e+00   1.9693842e+00
   1.4260000e+01   1.5000000e+00   1.4907136e+00   2.0668817e+00
   1.4280000e+01   1.5000000e+00   1.4956012e+00   2.0228348e+00
   1.4300000e+01   1.5000000e+00   1.4907136e+00   2.0739980e+00
   1.4320000e+01   1.5000000e+00   1.4956012e+00   2.0299511e+00
   1.4340000e+01   1.5000000e+00   1.4956012e+00   2.0322385e+00
   1.4360000e+01   1.5000000e+00   1.4956012e+00   2.0345259e+00
   1.4380000e+01   1.5000000e+00   1.5053763e+00   1.9390616e+00
   1.4400000e+01   1.5000000e+00   1.4956012e+00   2.0340176e+00
   1.4420000e+01   1.5000000e+00   1.4956012e+00   2.0363050e+00
   1.4440000e+01   1.5000000e+00   1.4858260e+00   2.1363441e+00
   1.4460000e+01   1.5000000e+00   1.4956012e+00   2.0459629e+00
   1.4480000e+01   1.5000000e+00   1.5004888e+00   1.9993744e+00
   1.4500000e+01   1.5000000e+00   1.4907136e+00   2.0968719e+00
   1.4520000e+01   1.5000000e+00   1.4956012e+00   2.0528250e+00
   1.4540000e+01   1.5000000e+00   1.4956012e+00   2.0551124e+00
   1.4560000e+01   1.5000000e+00   1.5004888e+00   2.0085239e+00
   1.4580000e+01   1.5000000e+00   1.5004888e+00   2.0082698e+00
   1.4600000e+01   1.5000000e+00   1.5053763e+00   1.9591398e+00
   1.4620000e+01   1.5000000e+00   1.5102639e+00   1.9074682e+00
   1.4640000e+01   1.5000000e+00   1.5102639e+00   1.9021310e+00
   1.4660000e+01   1.5000000e+00   1.5053763e+00   1.9456696e+00
   1.4680000e+01   1.5000000e+00   1.5053763e+00   1.9428739e+00
   1.4700000e+01   1.5000000e+00   1.4956012e+00   2.0378299e+00
   1.4720000e+01   1.5000000e+00   1.5004888e+00   1.9912414e+00
   1.4740000e+01   1.5000000e+00   1.5004888e+00   1.9909873e+00
   1.4760000e+01   1.5000000e+00   1.4956012e+00   2.0396090e+00
   1.4780000e+01   1.5000000e+00   1.4956012e+00   2.0418964e+00
   1.4800000e+01   1.5000000e+00   1.4956012e+00   2.0441838e+00
   1.4820000e+01   1.5000000e+00   1.5004888e+00   1.9975953e+00
   1.4840000e+01   1.5000000e+00   1.5004888e+00   1.9973412e+00
   1.4860000e+01   1.5000000e+00   1.5004888e+00   1.9970870e+00
   1.4880000e+01   1.5000000e+00   1.5102639e+00   1.8990811e+00
   1.4900000e+01   1.5000000e+00   1.5053763e+00   1.9426197e+00
   1.4920000e+01   1.5000000e+00   1.4956012e+00   2.0375758e+00
   1.4940000e+01   1.5000000e+00   1.5004888e+00   1.9909873e+00
   1.4960000e+01   1.5000000e+00   1.5004888e+00   1.9907331e+00
   1.4980000e+01   1.5000000e+00   1.5004888e+00   1.9904790e+00
   1.5000000e+01   1.0000000e+00   1.5053763e+00  -3.0586510e+00
   1.5020000e+01   1.0000000e+00   1.5053763e+00  -3.3214467e+00
   1.5040000e+01   1.0000000e+00   1.4907136e+00  -3.4376149e+00
   1.5060000e+01   1.0000000e+00   1.4711632e+00  -3.4972825e+00
   1.5080000e+01   1.0000000e+00   1.4271750e+00  -3.3024047e+00
   1.5100000e+01   1.0000000e+00   1.3880743e+00  -3.1335288e+00
   1.5120000e+01   1.0000000e+00   1.3440860e+00  -2.8954448e+00
   1.5140000e+01   1.0000000e+00   1.3196481e+00  -2.8299902e+00
   1.5160000e+01   1.0000000e+00   1.2609971e+00  -2.4096970e+00
   1.5180000e+01   1.0000000e+00   1.2121212e+00  -2.0566569e+00
   1.5200000e+01   1.0000000e+00   1.1730205e+00  -1.7759531e+00
   1.5220000e+01   1.0000000e+00   1.1485826e+00  -1.6215445e+00
   1.5240000e+01   1.0000000e+00   1.0997067e+00  -1.2100489e+00
   1.5260000e+01   1.0000000e+00   1.0557185e+00  -8.2201369e-01
   1.5280000e+01   1.0000000e+00   1.0068426e+00  -3.6222874e-01
   1.5300000e+01   1.0000000e+00   9.5796676e-01   1.2297165e-01
   1.5320000e+01   1.0000000e+00   9.2375367e-01   4.8695992e-01
   1.5340000e+01   1.0000000e+00   8.8465298e-01   9.1761486e-01
   1.5360000e+01   1.0000000e+00   8.4555230e-01   1.3686022e+00
   1.5380000e+01   1.0000000e+00   8.2600196e-01   1.6444184e+00
   1.5400000e+01   1.0000000e+00   8.1133920e-01   1.8815249e+00
   1.5420000e+01   1.0000000e+00   8.5043988e-01   1.5886217e+00
   1.5440000e+01   1.0000000e+00   9.1886608e-01   9.8213099e-01
   1.5460000e+01   1.0000000e+00   9.4330401e-01   7.7994135e-01
   1.5480000e+01   1.0000000e+00   9.6774194e-01   5.6504399e-01
   1.5500000e+01   1.0000000e+00   9.5796676e-01   6.7956989e-01
   1.5520000e+01   1.0000000e+00   9.3841642e-01   8.9693060e-01
   1.5540000e+01   1.0000000e+00   9.0420332e-01   1.2710850e+00
   1.5560000e+01   1.0000000e+00   8.7976540e-01   1.5652786e+00
   1.5580000e+01   1.0000000e+00   8.6510264e-01   1.7744282e+00
   1.5600000e+01   1.0000000e+00   8.6999022e-01   1.7956989e+00
   1.5620000e+01   1.0000000e+00   8.8465298e-01   1.7166764e+00
   1.5640000e+01   1.0000000e+00   9.0420332e-01   1.5811535e+00
   1.5660000e+01   1.0000000e+00   9.1886608e-01   1.4843402e+00
   1.5680000e+01   1.0000000e+00   9.3841642e-01   1.3310264e+00
   1.5700000e+01   1.0000000e+00   9.5307918e-01   1.2164223e+00
   1.5720000e+01   1.0000000e+00   9.5307918e-01   1.2408211e+00
   1.5740000e+01   1.0000000e+00   9.5307918e-01   1.2652199e+00
   1.5760000e+01   1.0000000e+00   9.6774194e-01   1.1429912e+00
   1.5780000e+01   1.0000000e+00   9.6285435e-01   1.2086413e+00
   1.5800000e+01   1.0000000e+00   9.5796676e-01   1.2768328e+00
   1.5820000e+01   1.0000000e+00   9.6285435e-01   1.2498143e+00
   1.5840000e+01   1.0000000e+00   9.5796676e-01   1.3180059e+00
   1.5860000e+01   1.0000000e+00   9.5796676e-01   1.3398631e+00
   1.5880000e+01   1.0000000e+00   9.6285435e-01   1.3128446e+00
   1.5900000e+01   1.0000000e+00   9.6285435e-01   1.3321603e+00
   1.5920000e+01   1.0000000e+00   9.6774194e-01   1.3026002e+00
   1.5940000e+01   1.0000000e+00   9.7262952e-01   1.2704985e+00
   1.5960000e+01   1.0000000e+00   9.7751711e-01   1.2358553e+00
   1.5980000e+01   1.0000000e+00   9.7262952e-01   1.2964223e+00
   1.6000000e+01   1.0000000e+00   9.8240469e-01   1.2129032e+00
   1.6020000e+01   1.0000000e+00   9.7751711e-01   1.2709286e+00
   1.6040000e+01   1.0000000e+00   9.7751711e-01   1.2826197e+00
   1.6060000e+01   1.0000000e+00   9.6285435e-01   1.4409384e+00
   1.6080000e+01   1.0000000e+00   9.7262952e-01   1.3625024e+00
   1.6100000e+01   1.0000000e+00   9.7751711e-01   1.3278592e+00
   1.6120000e+01   1.0000000e+00   9.8240469e-01   1.2906745e+00
   1.6140000e+01   1.0000000e+00   9.8729228e-01   1.2509482e+00
   1.6160000e+01   1.0000000e+00   9.8729228e-01   1.2575562e+00
   1.6180000e+01   1.0000000e+00   9.9217986e-01   1.2152884e+00
   1.6200000e+01   1.0000000e+00   9.8240469e-01   1.3171065e+00
   1.6220000e+01   1.0000000e+00   9.8729228e-01   1.2773803e+00
   1.6240000e+01   1.0000000e+00   9.8240469e-01   1.3328641e+00
   1.6260000e+01   1.0000000e+00   9.8240469e-01   1.3420137e+00
   1.6280000e+01   1.0000000e+00   9.8240469e-01   1.3511632e+00
   1.6300000e+01   1.0000000e+00   9.8240469e-01   1.3603128e+00
   1.6320000e+01   1.0000000e+00   9.8240469e-01   1.3694624e+00
   1.6340000e+01   1.0000000e+00   9.8729228e-01   1.3297361e+00
   1.6360000e+01   1.0000000e+00   9.8729228e-01   1.3363441e+00
   1.6380000e+01   1.0000000e+00   9.9217986e-01   1.2940762e+00
   1.6400000e+01   1.0000000e+00   1.0019550e+00   1.2003910e+00
   1.6420000e+01   1.0000000e+00   9.9706745e-01   1.2482502e+00
   1.6440000e+01   1.0000000e+00   9.9217986e-01   1.2986510e+00
   1.6460000e+01   1.0000000e+00   9.8240469e-01   1.4004692e+00
   1.6480000e+01   1.0000000e+00   9.8240469e-01   1.4096188e+00
   1.6500000e+01   1.0000000e+00   9.7751711e-01   1.4676442e+00
   1.6520000e+01   1.0000000e+00   9.7751711e-01   1.4793353e+00
   1.6540000e+01   1.0000000e+00   9.9217986e-01   1.3443988e+00
   1.6560000e+01   1.0000000e+00   1.0019550e+00   1.2507136e+00
   1.6580000e+01   1.0000000e+00   1.0019550e+00   1.2496970e+00
   1.6600000e+01   1.0000000e+00   1.0068426e+00   1.1998045e+00
   1.6620000e+01   1.0000000e+00   1.0117302e+00   1.1473705e+00
   1.6640000e+01   1.0000000e+00   1.0019550e+00   1.2390225e+00
   1.6660000e+01   1.0000000e+00   1.0068426e+00   1.1891300e+00
   1.6680000e+01   1.0000000e+00   9.9706745e-01   1.2833236e+00
   1.6700000e+01   1.0000000e+00   9.9706745e-01   1.2848485e+00
   1.6720000e+01   1.0000000e+00   9.9217986e-01   1.3352493e+00
   1.6740000e+01   1.0000000e+00   9.8729228e-01   1.3881916e+00
   1.6760000e+01   1.0000000e+00   9.8729228e-01   1.3947996e+00
   1.6780000e+01   1.0000000e+00   9.9217986e-01   1.3525318e+00
   1.6800000e+01   1.0000000e+00   9.9706745e-01   1.3077224e+00
   1.6820000e+01   1.0000000e+00   9.9706745e-01   1.3092473e+00
   1.6840000e+01   1.0000000e+00   1.0019550e+00   1.2618964e+00
   1.6860000e+01   1.0000000e+00   1.0068426e+00   1.2120039e+00
   1.6880000e+01   1.0000000e+00   1.0068426e+00   1.2084457e+00
   1.6900000e+01   1.0000000e+00   9.9706745e-01   1.3026393e+00
   1.6920000e+01   1.0000000e+00   1.0019550e+00   1.2552884e+00
   1.6940000e+01   1.0000000e+00   9.8729228e-01   1.4008993e+00
   1.6960000e+01   1.0000000e+00   9.9706745e-01   1.3097556e+00
   1.6980000e+01   1.0000000e+00   1.0019550e+00   1.2624047e+00
   1.7000000e+01   1.0000000e+00   1.0019550e+00   1.2613881e+00
   1.7020000e+01   1.0000000e+00   1.0068426e+00   1.2114956e+00
   1.7040000e+01   1.0000000e+00   1.0019550e+00   1.2568133e+00
   1.7060000e+01   1.0000000e+00   1.0117302e+00   1.1580450e+00
   1.7080000e+01   1.0000000e+00   9.9706745e-01   1.2985728e+00
   1.7100000e+01   1.0000000e+00   9.9706745e-01   1.3000978e+00
   1.7120000e+01   1.0000000e+00   9.9706745e-01   1.3016227e+00
   1.7140000e+01   1.0000000e+00   9.9706745e-01   1.3031476e+00
   1.7160000e+01   1.0000000e+00   9.9706745e-01   1.3046725e+00
   1.7180000e+01   1.0000000e+00   9.9217986e-01   1.3550733e+00
   1.7200000e+01   1.0000000e+00   1.0019550e+00   1.2613881e+00
   1.7220000e+01   1.0000000e+00   1.0019550e+00   1.2603715e+00
   1.7240000e+01   1.0000000e+00   9.9706745e-01   1.3082307e+00
   1.7260000e+01   1.0000000e+00   9.9706745e-01   1.3097556e+00
   1.7280000e+01   1.0000000e+00   1.0019550e+00   1.2624047e+00
   1.7300000e+01   1.0000000e+00   1.0019550e+00   1.2613881e+00
   1.7320000e+01   1.0000000e+00   9.9706745e-01   1.3092473e+00
   1.7340000e+01   1.0000000e+00   1.0019550e+00   1.2618964e+00
   1.7360000e+01   1.0000000e+00   1.0019550e+00   1.2608798e+00
   1.7380000e+01   1.0000000e+00   9.9706745e-01   1.3087390e+00
   1.7400000e+01   1.0000000e+00   9.9706745e-01   1.3102639e+00
   1.7420000e+01   1.0000000e+00   9.9217986e-01   1.3606647e+00
   1.7440000e+01   1.0000000e+00   9.9706745e-01   1.3158553e+00
   1.7460000e+01   1.0000000e+00   9.9706745e-01   1.3173803e+00
   1.7480000e+01   1.0000000e+00   1.0019550e+00   1.2700293e+00
   1.7500000e+01   1.0000000e+00   1.0068426e+00   1.2201369e+00
   1.7520000e+01   1.0000000e+00   1.0019550e+00   1.2654545e+00
   1.7540000e+01   1.0000000e+00   1.0019550e+00   1.2644379e+00
   1.7560000e+01   1.0000000e+00   1.0068426e+00   1.2145455e+00
   1.7580000e+01   1.0000000e+00   1.0068426e+00   1.2109873e+00
   1.7600000e+01   1.0000000e+00   1.0019550e+00   1.2563050e+00
   1.7620000e+01   1.0000000e+00   1.0019550e+00   1.2552884e+00
   1.7640000e+01   1.0000000e+00   9.9706745e-01   1.3031476e+00
   1.7660000e+01   1.0000000e+00   9.9706745e-01   1.3046725e+00
   1.7680000e+01   1.0000000e+00   9.9217986e-01   1.3550733e+00
   1.7700000e+01   1.0000000e+00   9.8729228e-01   1.4080156e+00
   1.7720000e+01   1.0000000e+00   1.0019550e+00   1.2679961e+00
   1.7740000e+01   1.0000000e+00   9.9706745e-01   1.3158553e+00
   1.7760000e+01   1.0000000e+00   1.0068426e+00   1.2196285e+00
   1.7780000e+01   1.0000000e+00   9.9706745e-01   1.3138221e+00
   1.7800000e+01   1.0000000e+00   9.9706745e-01   1.3153470e+00
   1.7820000e+01   1.0000000e+00   9.9217986e-01   1.3657478e+00
   1.7840000e+01   1.0000000e+00   9.9217986e-01   1.3698143e+00
   1.7860000e+01   1.0000000e+00   9.9706745e-01   1.3250049e+00
   1.7880000e+01   1.0000000e+00   1.0019550e+00   1.2776540e+00
   1.7900000e+01   1.0000000e+00   1.0068426e+00   1.2277615e+00
   1.7920000e+01   1.0000000e+00   1.0068426e+00   1.2242033e+00
   1.7940000e+01   1.0000000e+00   1.0019550e+00   1.2695210e+00
   1.7960000e+01   1.0000000e+00   1.0068426e+00   1.2196285e+00
   1.7980000e+01   1.0000000e+00   1.0019550e+00   1.2649462e+00
   1.8000000e+01   1.0000000e+00   1.0019550e+00   1.2639296e+00
   1.8020000e+01   1.0000000e+00   9.9706745e-01   1.3117889e+00
   1.8040000e+01   1.0000000e+00   9.9217986e-01   1.3621896e+00
   1.8060000e+01   1.0000000e+00   9.9706745e-01   1.3173803e+00
   1.8080000e+01   1.0000000e+00   9.9706745e-01   1.3189052e+00
   1.8100000e+01   1.0000000e+00   1.0019550e+00   1.2715543e+00
   1.8120000e+01   1.0000000e+00   9.9217986e-01   1.3682893e+00
   1.8140000e+01   1.0000000e+00   9.9706745e-01   1.3234800e+00
   1.8160000e+01   1.0000000e+00   1.0117302e+00   1.1783773e+00
   1.8180000e+01   1.0000000e+00   1.0068426e+00   1.2211535e+00
   1.8200000e+01   1.0000000e+00   1.0068426e+00   1.2175953e+00
   1.8220000e+01   1.0000000e+00   9.9217986e-01   1.3606647e+00
   1.8240000e+01   1.0000000e+00   9.9706745e-01   1.3158553e+00
   1.8260000e+01   1.0000000e+00   9.9706745e-01   1.3173803e+00
   1.8280000e+01   1.0000000e+00   1.0068426e+00   1.2211535e+00
   1.8300000e+01   1.0000000e+00   1.0068426e+00   1.2175953e+00
   1.8320000e+01   1.0000000e+00   9.9706745e-01   1.3117889e+00
   1.8340000e+01   1.0000000e+00   1.0068426e+00   1.2155621e+00
   1.8360000e+01   1.0000000e+00   9.9706745e-01   1.3097556e+00
   1.8380000e+01   1.0000000e+00   9.9706745e-01   1.3112805e+00
   1.8400000e+01   1.0000000e+00   9.9706745e-01   1.3128055e+00
   1.8420000e+01   1.0000000e+00   9.9706745e-01   1.3143304e+00
   1.8440000e+01   1.0000000e+00   9.9706745e-01   1.3158553e+00
   1.8460000e+01   1.0000000e+00   1.0019550e+00   1.2685044e+00
   1.8480000e+01   1.0000000e+00   1.0068426e+00   1.2186119e+00
   1.8500000e+01   1.0000000e+00   1.0068426e+00   1.2150538e+00
   1.8520000e+01   1.0000000e+00   9.9217986e-01   1.3581232e+00
   1.8540000e+01   1.0000000e+00   9.9706745e-01   1.3133138e+00
   1.8560000e+01   1.0000000e+00   9.9706745e-01   1.3148387e+00
   1.8580000e+01   1.0000000e+00   9.9217986e-01   1.3652395e+00
   1.8600000e+01   1.0000000e+00   1.0019550e+00   1.2715543e+00
   1.8620000e+01   1.0000000e+00   9.9706745e-01   1.3194135e+00
   1.8640000e+01   1.0000000e+00   1.0019550e+00   1.2720626e+00
   1.8660000e+01   1.0000000e+00   1.0019550e+00   1.2710459e+00
   1.8680000e+01   1.0000000e+00   1.0019550e+00   1.2700293e+00
   1.8700000e+01   1.0000000e+00   1.0068426e+00   1.2201369e+00
   1.8720000e+01   1.0000000e+00   9.9706745e-01   1.3143304e+00
   1.8740000e+01   1.0000000e+00   1.0068426e+00   1.2181036e+00
   1.8760000e+01   1.0000000e+00   1.0019550e+00   1.2634213e+00
   1.8780000e+01   1.0000000e+00   1.0019550e+00   1.2624047e+00
   1.8800000e+01   1.0000000e+00   9.9217986e-01   1.3591398e+00
   1.8820000e+01   1.0000000e+00   9.8729228e-01   1.4120821e+00
   1.8840000e+01   1.0000000e+00   9.9706745e-01   1.3209384e+00
   1.8860000e+01   1.0000000e+00   9.9706745e-01   1.3224633e+00
   1.8880000e+01   1.0000000e+00   1.0019550e+00   1.2751124e+00
   1.8900000e+01   1.0000000e+00   1.0019550e+00   1.2740958e+00
   1.8920000e+01   1.0000000e+00   1.0117302e+00   1.1753275e+00
   1.8940000e+01   1.0000000e+00   1.0117302e+00   1.1692278e+00
   1.8960000e+01   1.0000000e+00   1.0068426e+00   1.2120039e+00
   1.8980000e+01   1.0000000e+00   1.0117302e+00   1.1595699e+00
   1.9000000e+01   1.0000000e+00   9.9706745e-01   1.3000978e+00
   1.9020000e+01   1.0000000e+00   9.9706745e-01   1.3016227e+00
   1.9040000e+01   1.0000000e+00   9.8729228e-01   1.4008993e+00
   1.9060000e+01   1.0000000e+00   9.9706745e-01   1.3097556e+00
   1.9080000e+01   1.0000000e+00   9.8729228e-01   1.4090323e+00
   1.9100000e+01   1.0000000e+00   1.0019550e+00   1.2690127e+00
   1.9120000e+01   1.0000000e+00   9.9217986e-01   1.3657478e+00
   1.9140000e+01   1.0000000e+00   9.9706745e-01   1.3209384e+00
   1.9160000e+01   1.0000000e+00   9.9706745e-01   1.3224633e+00
   1.9180000e+01   1.0000000e+00   1.0068426e+00   1.2262366e+00
   1.9200000e+01   1.0000000e+00   1.0019550e+00   1.2715543e+00
   1.9220000e+01   1.0000000e+00   1.0068426e+00   1.2216618e+00
   1.9240000e+01   1.0000000e+00   1.0068426e+00   1.2181036e+00
   1.9260000e+01   1.0000000e+00   9.9706745e-01   1.3122972e+00
   1.9280000e+01   1.0000000e+00   1.0019550e+00   1.2649462e+00
   1.9300000e+01   1.0000000e+00   9.9706745e-01   1.3128055e+00
   1.9320000e+01   1.0000000e+00   9.9217986e-01   1.3632063e+00
   1.9340000e+01   1.0000000e+00   9.9706745e-01   1.3183969e+00
   1.9360000e+01   1.0000000e+00   1.0019550e+00   1.2710459e+00
   1.9380000e+01   1.0000000e+00   9.9217986e-01   1.3677810e+00
   1.9400000e+01   1.0000000e+00   1.0019550e+00   1.2740958e+00
   1.9420000e+01   1.0000000e+00   9.9706745e-01   1.3219550e+00
   1.9440000e+01   1.0000000e+00   9.9706745e-01   1.3234800e+00
   1.9460000e+01   1.0000000e+00   1.0019550e+00   1.2761290e+00
   1.9480000e+01   1.0000000e+00   1.0068426e+00   1.2262366e+00
   1.9500000e+01   1.0000000e+00   1.0019550e+00   1.2715543e+00
   1.9520000e+01   1.0000000e+00   9.9706745e-01   1.3194135e+00
   1.9540000e+01   1.0000000e+00   9.9706745e-01   1.3209384e+00
   1.9560000e+01   1.0000000e+00   1.0068426e+00   1.2247116e+00
   1.9580000e+01   1.0000000e+00   1.0068426e+00   1.2211535e+00
   1.9600000e+01   1.0000000e+00   1.0019550e+00   1.2664712e+00
   1.9620000e+01   1.0000000e+00   1.0068426e+00   1.2165787e+00
   1.9640000e+01   1.0000000e+00   9.9706745e-01   1.3107722e+00
   1.9660000e+01   1.0000000e+00   9.9706745e-01   1.3122972e+00
   1.9680000e+01   1.0000000e+00   9.9217986e-01   1.3626979e+00
   1.9700000e+01   1.0000000e+00   9.9706745e-01   1.3178886e+00
   1.9720000e+01   1.0000000e+00   1.0019550e+00   1.2705376e+00
   1.9740000e+01   1.0000000e+00   9.9706745e-01   1.3183969e+00
   1.9760000e+01   1.0000000e+00   1.0019550e+00   1.2710459e+00
   1.9780000e+01   1.0000000e+00   1.0019550e+00   1.2700293e+00
   1.9800000e+01   1.0000000e+00   1.0068426e+00   1.2201369e+00
   1.9820000e+01   1.0000000e+00   1.0019550e+00   1.2654545e+00
   1.9840000e+01   1.0000000e+00   1.0117302e+00   1.1666862e+00
   1.9860000e+01   1.0000000e+00   9.9706745e-01   1.3072141e+00
   1.9880000e+01   1.0000000e+00   9.9217986e-01   1.3576149e+00
   1.9900000e+01   1.0000000e+00   9.8729228e-01   1.4105572e+00
   1.9920000e+01   1.0000000e+00   9.9217986e-01   1.3682893e+00
   1.9940000e+01   1.0000000e+00   9.9706745e-01   1.3234800e+00
   1.9960000e+01   1.0000000e+00   1.0068426e+00   1.2272532e+00
   1.9980000e+01   1.0000000e+00   1.0117302e+00   1.1748192e+00
   2.0000000e+01   1.5000000e+00   1.0068426e+00   6.2175953e+00
