   0.0000000e+00   1.5000000e+00   0.0000000e+00   3.4500000e+01
   2.0000000e-02   1.5000000e+00   0.0000000e+00   3.8970000e+01
   4.0000000e-02   1.5000000e+00   2.4437928e-02   4.2877928e+01
   6.0000000e-02   1.5000000e+00   1.7106549e-01   4.3902669e+01
   8.0000000e-02   1.5000000e+00   3.4701857e-01   4.3815973e+01
   1.0000000e-01   1.5000000e+00   4.7409580e-01   4.4329081e+01
   1.2000000e-01   1.5000000e+00   1.0215054e+00   3.4795855e+01
   1.4000000e-01   1.5000000e+00   1.3098729e+00   2.9589316e+01
   1.6000000e-01   1.5000000e+00   1.4076246e+00   2.7907605e+01
   1.8000000e-01   1.5000000e+00   1.7741935e+00   1.9751799e+01
   2.0000000e-01   1.5000000e+00   1.8963832e+00   1.6124340e+01
   2.2000000e-01   1.5000000e+00   1.9305963e+00   1.4156217e+01
   2.4000000e-01   1.5000000e+00   2.0234604e+00   1.0737165e+01
   2.6000000e-01   1.5000000e+00   2.0478983e+00   8.6151808e+00
   2.8000000e-01   1.5000000e+00   2.0723363e+00   6.4203715e+00
   3.0000000e-01   1.5000000e+00   2.1309873e+00   3.3658358e+00
   3.2000000e-01   1.5000000e+00   2.1358749e+00   1.3730792e+00
   3.4000000e-01   1.5000000e+00   2.1212121e+00  -1.8458456e-01
   3.6000000e-01   1.5000000e+00   2.0234604e+00   2.1249267e-01
   3.8000000e-01   1.5000000e+00   1.9257087e+00   9.0086999e-01
   4.0000000e-01   1.5000000e+00   1.8817204e+00   6.4398827e-01
   4.2000000e-01   1.5000000e+00   1.7839687e+00   1.7547507e+00
   4.4000000e-01   1.5000000e+00   1.7399804e+00   1.9202542e+00
   4.6000000e-01   1.5000000e+00   1.7057674e+00   1.9920137e+00
   4.8000000e-01   1.5000000e+00   1.6373412e+00   2.9526295e+00
   5.0000000e-01   1.5000000e+00   1.6226784e+00   2.8805963e+00
   5.2000000e-01   1.5000000e+00   1.6080156e+00   2.8522581e+00
   5.4000000e-01   1.5000000e+00   1.6373412e+00   1.8558847e+00
   5.6000000e-01   1.5000000e+00   1.6520039e+00   1.1093646e+00
   5.8000000e-01   1.5000000e+00   1.6471163e+00   7.6880743e-01
   6.0000000e-01   1.5000000e+00   1.6373412e+00   5.5522972e-01
   6.2000000e-01   1.5000000e+00   1.6129032e+00   7.0802542e-01
   6.4000000e-01   1.5000000e+00   1.5347019e+00   2.1702053e+00
   6.6000000e-01   1.5000000e+00   1.5004888e+00   2.8536950e+00
   6.8000000e-01   1.5000000e+00   1.4516129e+00   3.9763832e+00
   7.0000000e-01   1.5000000e+00   1.4662757e+00   3.7833333e+00
   7.2000000e-01   1.5000000e+00   1.5444770e+00   2.0852004e+00
   7.4000000e-01   1.5000000e+00   1.6031281e+00   6.0368524e-01
   7.6000000e-01   1.5000000e+00   1.6666667e+00  -1.1650244e+00
   7.8000000e-01   1.5000000e+00   1.6666667e+00  -1.6616911e+00
   8.0000000e-01   1.5000000e+00   1.6471163e+00  -1.7086999e+00
   8.2000000e-01   1.5000000e+00   1.5786901e+00  -5.7330401e-01
   8.4000000e-01   1.5000000e+00   1.5347019e+00   2.0392962e-01
   8.6000000e-01   1.5000000e+00   1.5151515e+00   5.5017595e-01
   8.8000000e-01   1.5000000e+00   1.4125122e+00   2.8657283e+00
   9.0000000e-01   1.5000000e+00   1.3978495e+00   3.4636852e+00
   9.2000000e-01   1.5000000e+00   1.3782991e+00   4.2177517e+00
   9.4000000e-01   1.5000000e+00   1.4467253e+00   3.0066178e+00
   9.6000000e-01   1.5000000e+00   1.5053763e+00   1.8164027e+00
   9.8000000e-01   1.5000000e+00   1.7057674e+00  -2.8086119e+00
   1.0000000e+00   1.5000000e+00   1.7204301e+00  -3.7590420e+00
   1.0200000e+00   1.5000000e+00   1.6373412e+00  -2.5048778e+00
   1.0400000e+00   1.5000000e+00   1.6031281e+00  -2.1272532e+00
   1.0600000e+00   1.5000000e+00   1.5151515e+00  -4.1111437e-01
   1.0800000e+00   1.5000000e+00   1.4760508e+00   4.4304985e-01
   1.1000000e+00   1.5000000e+00   1.4613881e+00   8.5166178e-01
   1.1200000e+00   1.5000000e+00   1.3929619e+00   2.5405279e+00
   1.1400000e+00   1.5000000e+00   1.3685239e+00   3.4215738e+00
   1.1600000e+00   1.5000000e+00   1.3489736e+00   4.2630303e+00
   1.1800000e+00   1.5000000e+00   1.4320626e+00   2.8020430e+00
   1.2000000e+00   1.5000000e+00   1.4907136e+00   1.6555230e+00
   1.2200000e+00   1.5000000e+00   1.6226784e+00  -1.3519941e+00
   1.2400000e+00   1.5000000e+00   1.6324536e+00  -1.9424047e+00
   1.2600000e+00   1.5000000e+00   1.5884653e+00  -1.3253861e+00
   1.2800000e+00   1.5000000e+00   1.5689150e+00  -1.1393548e+00
   1.3000000e+00   1.5000000e+00   1.5298143e+00  -4.4540567e-01
   1.3200000e+00   1.5000000e+00   1.4467253e+00   1.3767937e+00
   1.3400000e+00   1.5000000e+00   1.4027370e+00   2.5472825e+00
   1.3600000e+00   1.5000000e+00   1.3880743e+00   3.1743695e+00
   1.3800000e+00   1.5000000e+00   1.4125122e+00   2.9458358e+00
   1.4000000e+00   1.5000000e+00   1.4418377e+00   2.5320626e+00
   1.4200000e+00   1.5000000e+00   1.5298143e+00   6.8192571e-01
   1.4400000e+00   1.5000000e+00   1.5689150e+00  -3.0623656e-01
   1.4600000e+00   1.5000000e+00   1.5738025e+00  -6.2401760e-01
   1.4800000e+00   1.5000000e+00   1.5444770e+00  -1.6946237e-01
   1.5000000e+00   1.5000000e+00   1.4467253e+00   1.9462854e+00
   1.5200000e+00   1.5000000e+00   1.4125122e+00   2.8919453e+00
   1.5400000e+00   1.5000000e+00   1.3685239e+00   4.1643891e+00
   1.5600000e+00   1.5000000e+00   1.3831867e+00   4.2189443e+00
   1.5800000e+00   1.5000000e+00   1.4320626e+00   3.4429032e+00
   1.6000000e+00   1.5000000e+00   1.5640274e+00   6.1016618e-01
   1.6200000e+00   1.5000000e+00   1.6324536e+00  -1.1544379e+00
   1.6400000e+00   1.5000000e+00   1.6520039e+00  -1.9988074e+00
   1.6600000e+00   1.5000000e+00   1.6275660e+00  -1.8897067e+00
   1.6800000e+00   1.5000000e+00   1.5933529e+00  -1.4829521e+00
   1.7000000e+00   1.5000000e+00   1.5004888e+00   3.7473118e-01
   1.7200000e+00   1.5000000e+00   1.4613881e+00   1.2725904e+00
   1.7400000e+00   1.5000000e+00   1.4369501e+00   1.9497263e+00
   1.7600000e+00   1.5000000e+00   1.3734115e+00   3.5990029e+00
   1.7800000e+00   1.5000000e+00   1.3685239e+00   4.0886510e+00
   1.8000000e+00   1.5000000e+00   1.4467253e+00   2.6818182e+00
   1.8200000e+00   1.5000000e+00   1.4760508e+00   2.1660899e+00
   1.8400000e+00   1.5000000e+00   1.5151515e+00   1.3381427e+00
   1.8600000e+00   1.5000000e+00   1.5591398e+00   2.8126100e-01
   1.8800000e+00   1.5000000e+00   1.5640274e+00  -7.3900293e-03
   1.9000000e+00   1.5000000e+00   1.5542522e+00   2.6637341e-02
   1.9200000e+00   1.5000000e+00   1.4760508e+00   1.6635973e+00
   1.9400000e+00   1.5000000e+00   1.4369501e+00   2.6342815e+00
   1.9600000e+00   1.5000000e+00   1.3782991e+00   4.1711437e+00
   1.9800000e+00   1.5000000e+00   1.3685239e+00   4.7586413e+00
   2.0000000e+00   1.5000000e+00   1.4809384e+00   2.5649071e+00
   2.0200000e+00   1.5000000e+00   1.5395894e+00   1.2727370e+00
   2.0400000e+00   1.5000000e+00   1.6471163e+00  -1.3183578e+00
   2.0600000e+00   1.5000000e+00   1.6568915e+00  -1.9815934e+00
   2.0800000e+00   1.5000000e+00   1.6471163e+00  -2.2243011e+00
   2.1000000e+00   1.5000000e+00   1.5786901e+00  -1.0889052e+00
   2.1200000e+00   1.5000000e+00   1.5395894e+00  -4.2408602e-01
   2.1400000e+00   1.5000000e+00   1.5004888e+00   3.5725318e-01
   2.1600000e+00   1.5000000e+00   1.4222874e+00   2.1544282e+00
   2.1800000e+00   1.5000000e+00   1.3880743e+00   3.1729130e+00
   2.2000000e+00   1.5000000e+00   1.3734115e+00   3.8436950e+00
   2.2200000e+00   1.5000000e+00   1.4173998e+00   3.2091984e+00
   2.2400000e+00   1.5000000e+00   1.4565005e+00   2.5560313e+00
   2.2600000e+00   1.5000000e+00   1.5151515e+00   1.3366862e+00
   2.2800000e+00   1.5000000e+00   1.5933529e+00  -5.0709677e-01
   2.3000000e+00   1.5000000e+00   1.6031281e+00  -1.0101173e+00
   2.3200000e+00   1.5000000e+00   1.5884653e+00  -9.8019550e-01
   2.3400000e+00   1.5000000e+00   1.5151515e+00   4.4239492e-01
   2.3600000e+00   1.5000000e+00   1.4809384e+00   1.1841447e+00
   2.3800000e+00   1.5000000e+00   1.4369501e+00   2.2526784e+00
   2.4000000e+00   1.5000000e+00   1.3685239e+00   4.0143695e+00
   2.4200000e+00   1.5000000e+00   1.3734115e+00   4.2937537e+00
   2.4400000e+00   1.5000000e+00   1.4662757e+00   2.5351124e+00
   2.4600000e+00   1.5000000e+00   1.5395894e+00   9.4939394e-01
   2.4800000e+00   1.5000000e+00   1.6617791e+00  -1.9789443e+00
   2.5000000e+00   1.5000000e+00   1.6666667e+00  -2.5734604e+00
   2.5200000e+00   1.5000000e+00   1.5982405e+00  -1.4963245e+00
   2.5400000e+00   1.5000000e+00   1.5640274e+00  -1.0021799e+00
   2.5600000e+00   1.5000000e+00   1.4760508e+00   8.3047898e-01
   2.5800000e+00   1.5000000e+00   1.4565005e+00   1.3515054e+00
   2.6000000e+00   1.5000000e+00   1.4320626e+00   2.0432063e+00
   2.6200000e+00   1.5000000e+00   1.3929619e+00   3.1449756e+00
   2.6400000e+00   1.5000000e+00   1.3782991e+00   3.8011926e+00
   2.6600000e+00   1.5000000e+00   1.4467253e+00   2.5900587e+00
   2.6800000e+00   1.5000000e+00   1.4907136e+00   1.7370870e+00
   2.7000000e+00   1.5000000e+00   1.5982405e+00  -7.0835777e-01
   2.7200000e+00   1.5000000e+00   1.6177908e+00  -1.4507722e+00
   2.7400000e+00   1.5000000e+00   1.5689150e+00  -6.7764418e-01
   2.7600000e+00   1.5000000e+00   1.5347019e+00  -9.6109482e-02
   2.7800000e+00   1.5000000e+00   1.4516129e+00   1.7115249e+00
   2.8000000e+00   1.5000000e+00   1.4125122e+00   2.7550342e+00
   2.8200000e+00   1.5000000e+00   1.3831867e+00   3.6902346e+00
   2.8400000e+00   1.5000000e+00   1.4271750e+00   3.0266080e+00
   2.8600000e+00   1.5000000e+00   1.4613881e+00   2.4567253e+00
   2.8800000e+00   1.5000000e+00   1.5542522e+00   4.3591398e-01
   2.9000000e+00   1.5000000e+00   1.5786901e+00  -2.8782991e-01
   2.9200000e+00   1.5000000e+00   1.5884653e+00  -7.4715543e-01
   2.9400000e+00   1.5000000e+00   1.5053763e+00   9.0026393e-01
   2.9600000e+00   1.5000000e+00   1.4662757e+00   1.7835582e+00
   2.9800000e+00   1.5000000e+00   1.4516129e+00   2.2213001e+00
   3.0000000e+00   1.5000000e+00   1.4125122e+00   3.2648094e+00
   3.0200000e+00   1.5000000e+00   1.4222874e+00   3.3006940e+00
   3.0400000e+00   1.5000000e+00   1.5102639e+00   1.5088172e+00
   3.0600000e+00   1.5000000e+00   1.5493646e+00   5.7891496e-01
   3.0800000e+00   1.5000000e+00   1.5933529e+00  -5.7992180e-01
   3.1000000e+00   1.5000000e+00   1.5835777e+00  -6.3328446e-01
   3.1200000e+00   1.5000000e+00   1.5053763e+00   9.1628543e-01
   3.1400000e+00   1.5000000e+00   1.4516129e+00   2.1368231e+00
   3.1600000e+00   1.5000000e+00   1.3782991e+00   3.9672336e+00
   3.1800000e+00   1.5000000e+00   1.3489736e+00   5.0043891e+00
   3.2000000e+00   1.5000000e+00   1.3685239e+00   5.0047898e+00
   3.2200000e+00   1.5000000e+00   1.6080156e+00  -1.1172043e-01
   3.2400000e+00   1.5000000e+00   1.6862170e+00  -2.2322385e+00
   3.2600000e+00   1.5000000e+00   1.7253177e+00  -3.6864809e+00
   3.2800000e+00   1.5000000e+00   1.7008798e+00  -3.7958553e+00
   3.3000000e+00   1.5000000e+00   1.6568915e+00  -3.3827468e+00
   3.3200000e+00   1.5000000e+00   1.5640274e+00  -1.7144086e+00
   3.3400000e+00   1.5000000e+00   1.5249267e+00  -1.0058944e+00
   3.3600000e+00   1.5000000e+00   1.4320626e+00   1.0556989e+00
   3.3800000e+00   1.5000000e+00   1.4076246e+00   1.8202248e+00
   3.4000000e+00   1.5000000e+00   1.3782991e+00   2.7699902e+00
   3.4200000e+00   1.5000000e+00   1.3734115e+00   3.2450733e+00
   3.4400000e+00   1.5000000e+00   1.4027370e+00   2.9478201e+00
   3.4600000e+00   1.5000000e+00   1.5542522e+00  -2.4718475e-01
   3.4800000e+00   1.5000000e+00   1.6422287e+00  -2.4323167e+00
   3.5000000e+00   1.5000000e+00   1.6666667e+00  -3.4182307e+00
   3.5200000e+00   1.5000000e+00   1.5786901e+00  -1.8914370e+00
   3.5400000e+00   1.5000000e+00   1.5395894e+00  -1.2266178e+00
   3.5600000e+00   1.5000000e+00   1.4516129e+00   6.7886608e-01
   3.5800000e+00   1.5000000e+00   1.4173998e+00   1.6099609e+00
   3.6000000e+00   1.5000000e+00   1.3929619e+00   2.4181818e+00
   3.6200000e+00   1.5000000e+00   1.3685239e+00   3.2992278e+00
   3.6400000e+00   1.5000000e+00   1.3685239e+00   3.6910264e+00
   3.6600000e+00   1.5000000e+00   1.3978495e+00   3.4083382e+00
   3.6800000e+00   1.5000000e+00   1.5151515e+00   1.0147996e+00
   3.7000000e+00   1.5000000e+00   1.5493646e+00   1.8274682e-01
   3.7200000e+00   1.5000000e+00   1.5835777e+00  -7.5126100e-01
   3.7400000e+00   1.5000000e+00   1.5004888e+00   9.1072336e-01
   3.7600000e+00   1.5000000e+00   1.4858260e+00   1.2465103e+00
   3.7800000e+00   1.5000000e+00   1.4125122e+00   2.9749658e+00
   3.8000000e+00   1.5000000e+00   1.3880743e+00   3.7977517e+00
   3.8200000e+00   1.5000000e+00   1.3831867e+00   4.2437048e+00
   3.8400000e+00   1.5000000e+00   1.4760508e+00   2.4559335e+00
   3.8600000e+00   1.5000000e+00   1.5200391e+00   1.5155718e+00
   3.8800000e+00   1.5000000e+00   1.5640274e+00   4.4412512e-01
   3.9000000e+00   1.5000000e+00   1.5884653e+00  -3.0874878e-01
   3.9200000e+00   1.5000000e+00   1.5738025e+00  -2.3513196e-01
   3.9400000e+00   1.5000000e+00   1.4613881e+00   2.1304692e+00
   3.9600000e+00   1.5000000e+00   1.4173998e+00   3.2572630e+00
   3.9800000e+00   1.5000000e+00   1.3880743e+00   4.1778983e+00
   4.0000000e+00   1.5000000e+00   1.4613881e+00   2.8252199e+00
   4.0200000e+00   1.5000000e+00   1.5053763e+00   1.9285533e+00
   4.0400000e+00   1.5000000e+00   1.6080156e+00  -4.4817204e-01
   4.0600000e+00   1.5000000e+00   1.6275660e+00  -1.2197165e+00
   4.0800000e+00   1.5000000e+00   1.6324536e+00  -1.7122776e+00
   4.1000000e+00   1.5000000e+00   1.5444770e+00  -8.3528837e-02
   4.1200000e+00   1.5000000e+00   1.5102639e+00   5.7083089e-01
   4.1400000e+00   1.5000000e+00   1.4809384e+00   1.2147312e+00
   4.1600000e+00   1.5000000e+00   1.4076246e+00   2.9577517e+00
   4.1800000e+00   1.5000000e+00   1.3831867e+00   3.7951026e+00
   4.2000000e+00   1.5000000e+00   1.5102639e+00   1.2204301e+00
   4.2200000e+00   1.5000000e+00   1.5933529e+00  -7.2120235e-01
   4.2400000e+00   1.5000000e+00   1.6275660e+00  -1.7862952e+00
   4.2600000e+00   1.5000000e+00   1.6275660e+00  -2.1664418e+00
   4.2800000e+00   1.5000000e+00   1.5493646e+00  -7.4795699e-01
   4.3000000e+00   1.5000000e+00   1.5200391e+00  -2.2057674e-01
   4.3200000e+00   1.5000000e+00   1.4956012e+00   2.8177908e-01
   4.3400000e+00   1.5000000e+00   1.4125122e+00   2.2059335e+00
   4.3600000e+00   1.5000000e+00   1.3831867e+00   3.1411339e+00
   4.3800000e+00   1.5000000e+00   1.3587488e+00   4.0513099e+00
   4.4000000e+00   1.5000000e+00   1.4369501e+00   2.6736070e+00
   4.4200000e+00   1.5000000e+00   1.6568915e+00  -2.1971554e+00
   4.4400000e+00   1.5000000e+00   1.7350929e+00  -4.4633236e+00
   4.4600000e+00   1.5000000e+00   1.7399804e+00  -5.2763148e+00
   4.4800000e+00   1.5000000e+00   1.7253177e+00  -5.6542131e+00
   4.5000000e+00   1.5000000e+00   1.6422287e+00  -4.4146139e+00
   4.5200000e+00   1.5000000e+00   1.6031281e+00  -3.9391398e+00
   4.5400000e+00   1.5000000e+00   1.5640274e+00  -3.3471457e+00
   4.5600000e+00   1.5000000e+00   1.4711632e+00  -1.4020723e+00
   4.5800000e+00   1.5000000e+00   1.4369501e+00  -5.2923754e-01
   4.6000000e+00   1.5000000e+00   1.3978495e+00   5.5796676e-01
   4.6200000e+00   1.5000000e+00   1.3000978e+00   3.1106647e+00
   4.6400000e+00   1.5000000e+00   1.2756598e+00   4.2684457e+00
   4.6600000e+00   1.5000000e+00   1.4613881e+00   6.6522972e-01
   4.6800000e+00   1.5000000e+00   1.5933529e+00  -2.2548974e+00
   4.7000000e+00   1.5000000e+00   1.6471163e+00  -3.7696481e+00
   4.7200000e+00   1.5000000e+00   1.6471163e+00  -4.2080547e+00
   4.7400000e+00   1.5000000e+00   1.5493646e+00  -2.3981720e+00
   4.7600000e+00   1.5000000e+00   1.5151515e+00  -1.7583773e+00
   4.7800000e+00   1.5000000e+00   1.4809384e+00  -1.0166276e+00
   4.8000000e+00   1.5000000e+00   1.3831867e+00   1.2884653e+00
   4.8200000e+00   1.5000000e+00   1.3538612e+00   2.3110557e+00
   4.8400000e+00   1.5000000e+00   1.3343109e+00   3.1962072e+00
   4.8600000e+00   1.5000000e+00   1.3440860e+00   3.4651320e+00
   4.8800000e+00   1.5000000e+00   1.6129032e+00  -2.2530401e+00
   4.9000000e+00   1.5000000e+00   1.6471163e+00  -3.3763930e+00
   4.9200000e+00   1.5000000e+00   1.6715543e+00  -4.3768719e+00
   4.9400000e+00   1.5000000e+00   1.6617791e+00  -4.6632747e+00
   4.9600000e+00   1.5000000e+00   1.6324536e+00  -4.4708895e+00
   4.9800000e+00   1.5000000e+00   1.5786901e+00  -3.6290420e+00
   5.0000000e+00   1.0000000e+00   1.5395894e+00  -1.4464223e+01
   5.0200000e+00   1.0000000e+00   1.4956012e+00  -1.5060469e+01
   5.0400000e+00   1.0000000e+00   1.4662757e+00  -1.5862874e+01
   5.0600000e+00   1.0000000e+00   1.4271750e+00  -1.6353060e+01
   5.0800000e+00   1.0000000e+00   1.3929619e+00  -1.6839140e+01
   5.1000000e+00   1.0000000e+00   1.3440860e+00  -1.6886022e+01
   5.1200000e+00   1.0000000e+00   1.3147605e+00  -1.7236911e+01
   5.1400000e+00   1.0000000e+00   1.2707722e+00  -1.7163167e+01
   5.1600000e+00   1.0000000e+00   1.2218964e+00  -1.6845924e+01
   5.1800000e+00   1.0000000e+00   1.1241447e+00  -1.5258886e+01
   5.2000000e+00   1.0000000e+00   1.0948192e+00  -1.4954350e+01
   5.2200000e+00   1.0000000e+00   1.0019550e+00  -1.3101036e+01
   5.2400000e+00   1.0000000e+00   9.6285435e-01  -1.2207546e+01
   5.2600000e+00   1.0000000e+00   8.7976540e-01  -1.0185806e+01
   5.2800000e+00   1.0000000e+00   8.5043988e-01  -9.1530205e+00
   5.3000000e+00   1.0000000e+00   8.1622678e-01  -7.9204301e+00
   5.3200000e+00   1.0000000e+00   7.2825024e-01  -5.3493255e+00
   5.3400000e+00   1.0000000e+00   7.1358749e-01  -4.2022678e+00
   5.3600000e+00   1.0000000e+00   6.6959922e-01  -2.3370283e+00
   5.3800000e+00   1.0000000e+00   5.9139785e-01   4.4619746e-01
   5.4000000e+00   1.0000000e+00   5.3274682e-01   3.0128055e+00
   5.4200000e+00   1.0000000e+00   5.3763441e-01   4.2928055e+00
   5.4400000e+00   1.0000000e+00   5.8162268e-01   4.6589247e+00
   5.4600000e+00   1.0000000e+00   8.6510264e-01  -6.1434995e-01
   5.4800000e+00   1.0000000e+00   9.9706745e-01  -3.2475464e+00
   5.5000000e+00   1.0000000e+00   1.0899316e+00  -5.3746823e+00
   5.5200000e+00   1.0000000e+00   1.0166178e+00  -3.9564614e+00
   5.5400000e+00   1.0000000e+00   9.8729228e-01  -3.3314956e+00
   5.5600000e+00   1.0000000e+00   9.0909091e-01  -1.4949951e+00
   5.5800000e+00   1.0000000e+00   8.3577713e-01   4.6213099e-01
   5.6000000e+00   1.0000000e+00   7.2825024e-01   3.4246334e+00
   5.6200000e+00   1.0000000e+00   7.2825024e-01   4.2344477e+00
   5.6400000e+00   1.0000000e+00   8.2111437e-01   2.9083871e+00
   5.6600000e+00   1.0000000e+00   8.8465298e-01   1.9800782e+00
   5.6800000e+00   1.0000000e+00   9.7262952e-01   3.0035191e-01
   5.7000000e+00   1.0000000e+00   1.1094819e+00  -2.7656891e+00
   5.7200000e+00   1.0000000e+00   1.1388074e+00  -3.7664321e+00
   5.7400000e+00   1.0000000e+00   1.0654936e+00  -2.4938612e+00
   5.7600000e+00   1.0000000e+00   1.0508309e+00  -2.3517889e+00
   5.7800000e+00   1.0000000e+00   1.0263930e+00  -1.9411926e+00
   5.8000000e+00   1.0000000e+00   9.4330401e-01  -1.0879765e-01
   5.8200000e+00   1.0000000e+00   9.1886608e-01   6.2222874e-01
   5.8400000e+00   1.0000000e+00   9.0420332e-01   1.2012512e+00
   5.8600000e+00   1.0000000e+00   8.4555230e-01   2.8356989e+00
   5.8800000e+00   1.0000000e+00   8.5043988e-01   3.1835386e+00
   5.9000000e+00   1.0000000e+00   9.2864125e-01   1.8305963e+00
   5.9200000e+00   1.0000000e+00   9.8240469e-01   8.0668622e-01
   5.9400000e+00   1.0000000e+00   1.1241447e+00  -2.4008993e+00
   5.9600000e+00   1.0000000e+00   1.1388074e+00  -3.1080938e+00
   5.9800000e+00   1.0000000e+00   1.1290323e+00  -3.2969110e+00
   6.0000000e+00   1.0000000e+00   1.0654936e+00  -2.2200391e+00
   6.0200000e+00   1.0000000e+00   9.7751711e-01  -3.9174976e-01
   6.0400000e+00   1.0000000e+00   8.8465298e-01   1.8111241e+00
   6.0600000e+00   1.0000000e+00   8.5043988e-01   2.9417595e+00
   6.0800000e+00   1.0000000e+00   8.4555230e-01   3.4998631e+00
   6.1000000e+00   1.0000000e+00   8.7487781e-01   3.2856305e+00
   6.1200000e+00   1.0000000e+00   9.4330401e-01   2.0846921e+00
   6.1400000e+00   1.0000000e+00   1.0850440e+00  -1.0063734e+00
   6.1600000e+00   1.0000000e+00   1.1485826e+00  -2.7211926e+00
   6.1800000e+00   1.0000000e+00   1.1779081e+00  -3.8384555e+00
   6.2000000e+00   1.0000000e+00   1.1143695e+00  -2.9072336e+00
   6.2200000e+00   1.0000000e+00   1.0801564e+00  -2.4611535e+00
   6.2400000e+00   1.0000000e+00   1.0019550e+00  -9.0138807e-01
   6.2600000e+00   1.0000000e+00   9.6285435e-01  -7.8983382e-03
   6.2800000e+00   1.0000000e+00   8.8465298e-01   1.9014272e+00
   6.3000000e+00   1.0000000e+00   8.5532747e-01   2.9196481e+00
   6.3200000e+00   1.0000000e+00   8.3577713e-01   3.8004301e+00
   6.3400000e+00   1.0000000e+00   9.3352884e-01   2.0415249e+00
   6.3600000e+00   1.0000000e+00   1.0019550e+00   6.6580645e-01
   6.3800000e+00   1.0000000e+00   1.0557185e+00  -5.7657869e-01
   6.4000000e+00   1.0000000e+00   1.1045943e+00  -1.8667644e+00
   6.4200000e+00   1.0000000e+00   1.0850440e+00  -1.7287977e+00
   6.4400000e+00   1.0000000e+00   1.0459433e+00  -1.0829130e+00
   6.4600000e+00   1.0000000e+00   9.6285435e-01   6.9122190e-01
   6.4800000e+00   1.0000000e+00   9.3352884e-01   1.4764027e+00
   6.5000000e+00   1.0000000e+00   9.0420332e-01   2.3489736e+00
   6.5200000e+00   1.0000000e+00   8.9931574e-01   2.7468622e+00
   6.5400000e+00   1.0000000e+00   9.1886608e-01   2.5972434e+00
   6.5600000e+00   1.0000000e+00   1.0606061e+00  -4.2099707e-01
   6.5800000e+00   1.0000000e+00   1.1094819e+00  -1.7257478e+00
   6.6000000e+00   1.0000000e+00   1.1339198e+00  -2.6140762e+00
   6.6200000e+00   1.0000000e+00   1.1045943e+00  -2.3386706e+00
   6.6400000e+00   1.0000000e+00   1.0166178e+00  -6.2690127e-01
   6.6600000e+00   1.0000000e+00   9.8729228e-01  -1.9354839e-03
   6.6800000e+00   1.0000000e+00   9.7262952e-01   3.7317693e-01
   6.7000000e+00   1.0000000e+00   8.6510264e-01   2.9278592e+00
   6.7200000e+00   1.0000000e+00   8.3577713e-01   4.0043402e+00
   6.7400000e+00   1.0000000e+00   8.7976540e-01   3.4819941e+00
   6.7600000e+00   1.0000000e+00   9.4330401e-01   2.3789052e+00
   6.7800000e+00   1.0000000e+00   1.0215054e+00   7.4922776e-01
   6.8000000e+00   1.0000000e+00   1.2218964e+00  -3.9238514e+00
   6.8200000e+00   1.0000000e+00   1.2365591e+00  -4.9223460e+00
   6.8400000e+00   1.0000000e+00   1.1925709e+00  -4.6155621e+00
   6.8600000e+00   1.0000000e+00   1.1045943e+00  -3.1659629e+00
   6.8800000e+00   1.0000000e+00   1.0801564e+00  -2.9155816e+00
   6.9000000e+00   1.0000000e+00   1.0557185e+00  -2.5923754e+00
   6.9200000e+00   1.0000000e+00   9.6285435e-01  -6.2254154e-01
   6.9400000e+00   1.0000000e+00   9.4819159e-01  -1.7460411e-01
   6.9600000e+00   1.0000000e+00   9.0909091e-01   8.7910068e-01
   6.9800000e+00   1.0000000e+00   8.1622678e-01   3.2858847e+00
   7.0000000e+00   1.0000000e+00   7.8690127e-01   4.5080156e+00
   7.0200000e+00   1.0000000e+00   8.7487781e-01   3.1195894e+00
   7.0400000e+00   1.0000000e+00   9.6285435e-01   1.4689932e+00
   7.0600000e+00   1.0000000e+00   1.0703812e+00  -8.9343109e-01
   7.0800000e+00   1.0000000e+00   1.1779081e+00  -3.5762854e+00
   7.1000000e+00   1.0000000e+00   1.1730205e+00  -3.9940371e+00
   7.1200000e+00   1.0000000e+00   1.1632454e+00  -4.2848094e+00
   7.1400000e+00   1.0000000e+00   1.0801564e+00  -2.8602346e+00
   7.1600000e+00   1.0000000e+00   1.0508309e+00  -2.4246139e+00
   7.1800000e+00   1.0000000e+00   1.0166178e+00  -1.7891887e+00
   7.2000000e+00   1.0000000e+00   9.0420332e-01   7.4682307e-01
   7.2200000e+00   1.0000000e+00   8.7976540e-01   1.5943695e+00
   7.2400000e+00   1.0000000e+00   8.3088954e-01   3.0768133e+00
   7.2600000e+00   1.0000000e+00   8.3088954e-01   3.5807625e+00
   7.2800000e+00   1.0000000e+00   9.5796676e-01   1.1619355e+00
   7.3000000e+00   1.0000000e+00   1.0410557e+00  -6.2385142e-01
   7.3200000e+00   1.0000000e+00   1.1534702e+00  -3.3317302e+00
   7.3400000e+00   1.0000000e+00   1.1583578e+00  -3.9014858e+00
   7.3600000e+00   1.0000000e+00   1.0752688e+00  -2.4623460e+00
   7.3800000e+00   1.0000000e+00   1.0312805e+00  -1.6749169e+00
   7.4000000e+00   1.0000000e+00   8.8465298e-01   1.6043011e+00
   7.4200000e+00   1.0000000e+00   8.1622678e-01   3.5218377e+00
   7.4400000e+00   1.0000000e+00   7.9667644e-01   4.5191398e+00
   7.4600000e+00   1.0000000e+00   9.0909091e-01   2.5395112e+00
   7.4800000e+00   1.0000000e+00   9.9217986e-01   8.9937439e-01
   7.5000000e+00   1.0000000e+00   1.0752688e+00  -9.8836755e-01
   7.5200000e+00   1.0000000e+00   1.1485826e+00  -2.8988856e+00
   7.5400000e+00   1.0000000e+00   1.1290323e+00  -2.8920039e+00
   7.5600000e+00   1.0000000e+00   1.1045943e+00  -2.7144477e+00
   7.5800000e+00   1.0000000e+00   1.0215054e+00  -1.1150929e+00
   7.6000000e+00   1.0000000e+00   9.9706745e-01  -6.1710655e-01
   7.6200000e+00   1.0000000e+00   9.6285435e-01   1.7853372e-01
   7.6400000e+00   1.0000000e+00   8.8954057e-01   1.9754448e+00
   7.6600000e+00   1.0000000e+00   8.2111437e-01   3.8784164e+00
   7.6800000e+00   1.0000000e+00   8.4555230e-01   3.8494233e+00
   7.7000000e+00   1.0000000e+00   8.9931574e-01   3.0731183e+00
   7.7200000e+00   1.0000000e+00   1.1143695e+00  -1.5730792e+00
   7.7400000e+00   1.0000000e+00   1.1827957e+00  -3.4877028e+00
   7.7600000e+00   1.0000000e+00   1.2316716e+00  -5.1565787e+00
   7.7800000e+00   1.0000000e+00   1.1632454e+00  -4.2731574e+00
   7.8000000e+00   1.0000000e+00   1.1290323e+00  -3.9727273e+00
   7.8200000e+00   1.0000000e+00   1.0459433e+00  -2.4461975e+00
   7.8400000e+00   1.0000000e+00   1.0117302e+00  -1.7962072e+00
   7.8600000e+00   1.0000000e+00   9.2864125e-01   7.9882698e-02
   7.8800000e+00   1.0000000e+00   9.1397849e-01   6.2977517e-01
   7.9000000e+00   1.0000000e+00   8.8465298e-01   1.5606061e+00
   7.9200000e+00   1.0000000e+00   8.3577713e-01   3.0284848e+00
   7.9400000e+00   1.0000000e+00   8.3088954e-01   3.6302835e+00
   7.9600000e+00   1.0000000e+00   8.5532747e-01   3.5721603e+00
   7.9800000e+00   1.0000000e+00   1.0361681e+00  -1.5605083e-01
   8.0000000e+00   1.0000000e+00   1.1143695e+00  -2.0624633e+00
   8.0200000e+00   1.0000000e+00   1.1925709e+00  -4.2019159e+00
   8.0400000e+00   1.0000000e+00   1.1534702e+00  -3.8764614e+00
   8.0600000e+00   1.0000000e+00   1.1290323e+00  -3.7717302e+00
   8.0800000e+00   1.0000000e+00   1.0508309e+00  -2.3576149e+00
   8.1000000e+00   1.0000000e+00   1.0166178e+00  -1.7221896e+00
   8.1200000e+00   1.0000000e+00   9.9706745e-01  -1.3220528e+00
   8.1400000e+00   1.0000000e+00   9.0909091e-01   7.1014663e-01
   8.1600000e+00   1.0000000e+00   8.8465298e-01   1.5431281e+00
   8.1800000e+00   1.0000000e+00   8.6999022e-01   2.2241056e+00
   8.2000000e+00   1.0000000e+00   8.8954057e-01   2.1618768e+00
   8.2200000e+00   1.0000000e+00   9.0909091e-01   2.0413881e+00
   8.2400000e+00   1.0000000e+00   1.0019550e+00   1.7642229e-01
   8.2600000e+00   1.0000000e+00   1.0459433e+00  -8.4113392e-01
   8.2800000e+00   1.0000000e+00   1.0557185e+00  -1.2028739e+00
   8.3000000e+00   1.0000000e+00   1.0068426e+00  -2.4477028e-01
   8.3200000e+00   1.0000000e+00   9.3841642e-01   1.3086413e+00
   8.3400000e+00   1.0000000e+00   9.1397849e-01   2.0542326e+00
   8.3600000e+00   1.0000000e+00   8.9442815e-01   2.7602346e+00
   8.3800000e+00   1.0000000e+00   9.3841642e-01   2.0631085e+00
   8.4000000e+00   1.0000000e+00   9.7262952e-01   1.4597263e+00
   8.4200000e+00   1.0000000e+00   1.0948192e+00  -1.2690714e+00
   8.4400000e+00   1.0000000e+00   1.1143695e+00  -2.0012903e+00
   8.4600000e+00   1.0000000e+00   1.1241447e+00  -2.5669404e+00
   8.4800000e+00   1.0000000e+00   1.0459433e+00  -1.1382600e+00
   8.5000000e+00   1.0000000e+00   1.0263930e+00  -8.2551320e-01
   8.5200000e+00   1.0000000e+00   9.9706745e-01  -2.2967742e-01
   8.5400000e+00   1.0000000e+00   8.8465298e-01   2.3645943e+00
   8.5600000e+00   1.0000000e+00   8.6999022e-01   3.0455718e+00
   8.5800000e+00   1.0000000e+00   8.9442815e-01   2.8709286e+00
   8.6000000e+00   1.0000000e+00   9.5307918e-01   1.8365591e+00
   8.6200000e+00   1.0000000e+00   1.0801564e+00  -9.4639296e-01
   8.6400000e+00   1.0000000e+00   1.1290323e+00  -2.3094037e+00
   8.6600000e+00   1.0000000e+00   1.1436950e+00  -3.0311632e+00
   8.6800000e+00   1.0000000e+00   1.0899316e+00  -2.2228152e+00
   8.7000000e+00   1.0000000e+00   1.0606061e+00  -1.8163245e+00
   8.7200000e+00   1.0000000e+00   1.0312805e+00  -1.3224438e+00
   8.7400000e+00   1.0000000e+00   9.1397849e-01   1.2822874e+00
   8.7600000e+00   1.0000000e+00   8.9442815e-01   1.9882893e+00
   8.7800000e+00   1.0000000e+00   8.6999022e-01   2.8649658e+00
   8.8000000e+00   1.0000000e+00   8.7976540e-01   3.0275660e+00
   8.8200000e+00   1.0000000e+00   1.0019550e+00   5.7550342e-01
   8.8400000e+00   1.0000000e+00   1.0459433e+00  -4.4205279e-01
   8.8600000e+00   1.0000000e+00   1.0752688e+00  -1.2534506e+00
   8.8800000e+00   1.0000000e+00   1.0263930e+00  -3.5360704e-01
   8.9000000e+00   1.0000000e+00   9.9706745e-01   2.4222874e-01
   8.9200000e+00   1.0000000e+00   9.6285435e-01   1.0378690e+00
   8.9400000e+00   1.0000000e+00   8.9442815e-01   2.7223656e+00
   8.9600000e+00   1.0000000e+00   8.6510264e-01   3.7114565e+00
   8.9800000e+00   1.0000000e+00   9.1886608e-01   2.8768915e+00
   9.0000000e+00   1.0000000e+00   9.7262952e-01   1.8821114e+00
   9.0200000e+00   1.0000000e+00   1.0410557e+00   3.8987292e-01
   9.0400000e+00   1.0000000e+00   1.1534702e+00  -2.3180059e+00
   9.0600000e+00   1.0000000e+00   1.1632454e+00  -3.0001760e+00
   9.0800000e+00   1.0000000e+00   1.0948192e+00  -1.9128446e+00
   9.1000000e+00   1.0000000e+00   1.0606061e+00  -1.4085044e+00
   9.1200000e+00   1.0000000e+00   1.0263930e+00  -8.0220919e-01
   9.1400000e+00   1.0000000e+00   9.4819159e-01   9.1777126e-01
   9.1600000e+00   1.0000000e+00   9.0909091e-01   1.9714761e+00
   9.1800000e+00   1.0000000e+00   8.6021505e-01   3.3665298e+00
   9.2000000e+00   1.0000000e+00   8.6999022e-01   3.5582600e+00
   9.2200000e+00   1.0000000e+00   9.8729228e-01   1.2477419e+00
   9.2400000e+00   1.0000000e+00   1.0654936e+00  -5.1302053e-01
   9.2600000e+00   1.0000000e+00   1.1192571e+00  -1.9447507e+00
   9.2800000e+00   1.0000000e+00   1.0899316e+00  -1.6256500e+00
   9.3000000e+00   1.0000000e+00   1.0703812e+00  -1.4439883e+00
   9.3200000e+00   1.0000000e+00   1.0361681e+00  -8.6682307e-01
   9.3400000e+00   1.0000000e+00   9.5307918e-01   9.3644184e-01
   9.3600000e+00   1.0000000e+00   9.1886608e-01   1.8631672e+00
   9.3800000e+00   1.0000000e+00   8.7487781e-01   3.1166764e+00
   9.4000000e+00   1.0000000e+00   8.6510264e-01   3.7143695e+00
   9.4200000e+00   1.0000000e+00   9.0909091e-01   3.1046334e+00
   9.4400000e+00   1.0000000e+00   1.1143695e+00  -1.3458651e+00
   9.4600000e+00   1.0000000e+00   1.1925709e+00  -3.4853177e+00
   9.4800000e+00   1.0000000e+00   1.2218964e+00  -4.7336657e+00
   9.5000000e+00   1.0000000e+00   1.1925709e+00  -4.7204301e+00
   9.5200000e+00   1.0000000e+00   1.1534702e+00  -4.3949756e+00
   9.5400000e+00   1.0000000e+00   1.0752688e+00  -3.0536852e+00
   9.5600000e+00   1.0000000e+00   1.0361681e+00  -2.3786706e+00
   9.5800000e+00   1.0000000e+00   9.9706745e-01  -1.5871359e+00
   9.6000000e+00   1.0000000e+00   8.9931574e-01   6.6989247e-01
   9.6200000e+00   1.0000000e+00   8.6510264e-01   1.7568328e+00
   9.6400000e+00   1.0000000e+00   8.2600196e-01   3.0581427e+00
   9.6600000e+00   1.0000000e+00   8.2600196e-01   3.5766569e+00
   9.6800000e+00   1.0000000e+00   8.3577713e-01   3.8703421e+00
   9.7000000e+00   1.0000000e+00   1.0361681e+00  -2.4926686e-01
   9.7200000e+00   1.0000000e+00   1.1192571e+00  -2.2680938e+00
   9.7400000e+00   1.0000000e+00   1.1925709e+00  -4.3096970e+00
   9.7600000e+00   1.0000000e+00   1.1730205e+00  -4.4339003e+00
   9.7800000e+00   1.0000000e+00   1.1485826e+00  -4.3874291e+00
   9.8000000e+00   1.0000000e+00   1.0703812e+00  -3.0315738e+00
   9.8200000e+00   1.0000000e+00   1.0508309e+00  -2.7916520e+00
   9.8400000e+00   1.0000000e+00   1.0215054e+00  -2.2686413e+00
   9.8600000e+00   1.0000000e+00   8.9931574e-01   4.7763441e-01
   9.8800000e+00   1.0000000e+00   8.2111437e-01   2.5763050e+00
   9.9000000e+00   1.0000000e+00   7.9667644e-01   3.6714565e+00
   9.9200000e+00   1.0000000e+00   7.9667644e-01   4.2773607e+00
   9.9400000e+00   1.0000000e+00   9.9217986e-01   3.8668622e-01
   9.9600000e+00   1.0000000e+00   1.0899316e+00  -1.8382991e+00
   9.9800000e+00   1.0000000e+00   1.1534702e+00  -3.5676833e+00
   1.0000000e+01   1.5000000e+00   1.1388074e+00   7.8122190e+00
   1.0020000e+01   1.5000000e+00   1.1192571e+00   9.3382307e+00
   1.0040000e+01   1.5000000e+00   1.0997067e+00   1.0922502e+01
   1.0060000e+01   1.5000000e+00   1.3147605e+00   7.1691398e+00
   1.0080000e+01   1.5000000e+00   1.4271750e+00   5.1356207e+00
   1.0100000e+01   1.5000000e+00   1.6129032e+00   1.0808895e+00
   1.0120000e+01   1.5000000e+00   1.6715543e+00  -6.0453568e-01
   1.0140000e+01   1.5000000e+00   1.7350929e+00  -2.5771554e+00
   1.0160000e+01   1.5000000e+00   1.6177908e+00  -5.7978495e-01
   1.0180000e+01   1.5000000e+00   1.5004888e+00   1.7671457e+00
   1.0200000e+01   1.5000000e+00   1.4565005e+00   2.7774194e+00
   1.0220000e+01   1.5000000e+00   1.3978495e+00   4.2560215e+00
   1.0240000e+01   1.5000000e+00   1.4076246e+00   4.3356012e+00
   1.0260000e+01   1.5000000e+00   1.4467253e+00   3.7115640e+00
   1.0280000e+01   1.5000000e+00   1.5786901e+00   8.3513196e-01
   1.0300000e+01   1.5000000e+00   1.6422287e+00  -8.6075269e-01
   1.0320000e+01   1.5000000e+00   1.6666667e+00  -1.8466667e+00
   1.0340000e+01   1.5000000e+00   1.6422287e+00  -1.7812610e+00
   1.0360000e+01   1.5000000e+00   1.6226784e+00  -1.7554448e+00
   1.0380000e+01   1.5000000e+00   1.4711632e+00   1.3638221e+00
   1.0400000e+01   1.5000000e+00   1.4369501e+00   2.2366569e+00
   1.0420000e+01   1.5000000e+00   1.4076246e+00   3.0990323e+00
   1.0440000e+01   1.5000000e+00   1.3978495e+00   3.5991398e+00
   1.0460000e+01   1.5000000e+00   1.4173998e+00   3.4538905e+00
   1.0480000e+01   1.5000000e+00   1.5200391e+00   1.3393353e+00
   1.0500000e+01   1.5000000e+00   1.5640274e+00   2.6788856e-01
   1.0520000e+01   1.5000000e+00   1.5982405e+00  -7.0981427e-01
   1.0540000e+01   1.5000000e+00   1.5786901e+00  -5.5291300e-01
   1.0560000e+01   1.5000000e+00   1.4956012e+00   1.1236364e+00
   1.0580000e+01   1.5000000e+00   1.4565005e+00   2.0360606e+00
   1.0600000e+01   1.5000000e+00   1.3880743e+00   3.7394917e+00
   1.0620000e+01   1.5000000e+00   1.3685239e+00   4.5226882e+00
   1.0640000e+01   1.5000000e+00   1.4809384e+00   2.3289541e+00
   1.0660000e+01   1.5000000e+00   1.5493646e+00   8.1195503e-01
   1.0680000e+01   1.5000000e+00   1.6471163e+00  -1.5834409e+00
   1.0700000e+01   1.5000000e+00   1.6520039e+00  -2.1342620e+00
   1.0720000e+01   1.5000000e+00   1.5738025e+00  -7.8860215e-01
   1.0740000e+01   1.5000000e+00   1.5444770e+00  -3.3404692e-01
   1.0760000e+01   1.5000000e+00   1.5102639e+00   3.2031281e-01
   1.0780000e+01   1.5000000e+00   1.3978495e+00   2.8752590e+00
   1.0800000e+01   1.5000000e+00   1.3538612e+00   4.1913978e+00
   1.0820000e+01   1.5000000e+00   1.3440860e+00   4.8517204e+00
   1.0840000e+01   1.5000000e+00   1.3929619e+00   4.1921994e+00
   1.0860000e+01   1.5000000e+00   1.6080156e+00  -4.3506354e-01
   1.0880000e+01   1.5000000e+00   1.7986315e+00  -5.1411144e+00
   1.0900000e+01   1.5000000e+00   1.7937439e+00  -5.9186217e+00
   1.0920000e+01   1.5000000e+00   1.7644184e+00  -6.1194917e+00
   1.0940000e+01   1.5000000e+00   1.7106549e+00  -5.6708993e+00
   1.0960000e+01   1.5000000e+00   1.6129032e+00  -4.0503617e+00
   1.0980000e+01   1.5000000e+00   1.5786901e+00  -3.5999120e+00
   1.1000000e+01   1.5000000e+00   1.5395894e+00  -2.9350929e+00
   1.1020000e+01   1.5000000e+00   1.4467253e+00  -9.1719453e-01
   1.1040000e+01   1.5000000e+00   1.3978495e+00   3.6570870e-01
   1.1060000e+01   1.5000000e+00   1.3196481e+00   2.4687488e+00
   1.1080000e+01   1.5000000e+00   1.2854350e+00   3.7930987e+00
   1.1100000e+01   1.5000000e+00   1.2805474e+00   4.5449169e+00
   1.1120000e+01   1.5000000e+00   1.3734115e+00   3.0630108e+00
   1.1140000e+01   1.5000000e+00   1.4369501e+00   1.9788563e+00
   1.1160000e+01   1.5000000e+00   1.5102639e+00   4.8052786e-01
   1.1180000e+01   1.5000000e+00   1.5689150e+00  -8.9903226e-01
   1.1200000e+01   1.5000000e+00   1.5738025e+00  -1.2168133e+00
   1.1220000e+01   1.5000000e+00   1.5444770e+00  -7.6225806e-01
   1.1240000e+01   1.5000000e+00   1.4418377e+00   1.4659042e+00
   1.1260000e+01   1.5000000e+00   1.4076246e+00   2.4261290e+00
   1.1280000e+01   1.5000000e+00   1.3538612e+00   3.9379668e+00
   1.1300000e+01   1.5000000e+00   1.3636364e+00   4.1486315e+00
   1.1320000e+01   1.5000000e+00   1.4662757e+00   2.1942913e+00
   1.1340000e+01   1.5000000e+00   1.5151515e+00   1.1706452e+00
   1.1360000e+01   1.5000000e+00   1.5542522e+00   2.2617791e-01
   1.1380000e+01   1.5000000e+00   1.5542522e+00   6.4506354e-02
   1.1400000e+01   1.5000000e+00   1.5347019e+00   3.5249267e-01
   1.1420000e+01   1.5000000e+00   1.4565005e+00   2.0477126e+00
   1.1440000e+01   1.5000000e+00   1.4222874e+00   2.9642424e+00
   1.1460000e+01   1.5000000e+00   1.3831867e+00   4.0951417e+00
   1.1480000e+01   1.5000000e+00   1.4271750e+00   3.4315152e+00
   1.1500000e+01   1.5000000e+00   1.5004888e+00   1.9623167e+00
   1.1520000e+01   1.5000000e+00   1.6666667e+00  -1.8612317e+00
   1.1540000e+01   1.5000000e+00   1.6911046e+00  -2.9199707e+00
   1.1560000e+01   1.5000000e+00   1.6422287e+00  -2.3653177e+00
   1.1580000e+01   1.5000000e+00   1.6177908e+00  -2.2270870e+00
   1.1600000e+01   1.5000000e+00   1.5786901e+00  -1.6787879e+00
   1.1620000e+01   1.5000000e+00   1.4858260e+00   2.2259042e-01
   1.1640000e+01   1.5000000e+00   1.4369501e+00   1.3889736e+00
   1.1660000e+01   1.5000000e+00   1.3587488e+00   3.3754936e+00
   1.1680000e+01   1.5000000e+00   1.3294233e+00   4.4709091e+00
   1.1700000e+01   1.5000000e+00   1.3734115e+00   3.9674976e+00
   1.1720000e+01   1.5000000e+00   1.4076246e+00   3.5578299e+00
   1.1740000e+01   1.5000000e+00   1.4467253e+00   2.9337928e+00
   1.1760000e+01   1.5000000e+00   1.5689150e+00   2.8218964e-01
   1.1780000e+01   1.5000000e+00   1.6129032e+00  -9.3490714e-01
   1.1800000e+01   1.5000000e+00   1.6031281e+00  -1.0465298e+00
   1.1820000e+01   1.5000000e+00   1.5738025e+00  -6.7936461e-01
   1.1840000e+01   1.5000000e+00   1.5444770e+00  -2.2480938e-01
   1.1860000e+01   1.5000000e+00   1.4271750e+00   2.3405963e+00
   1.1880000e+01   1.5000000e+00   1.3929619e+00   3.3445161e+00
   1.1900000e+01   1.5000000e+00   1.3636364e+00   4.3379765e+00
   1.1920000e+01   1.5000000e+00   1.3929619e+00   4.0698534e+00
   1.1940000e+01   1.5000000e+00   1.5200391e+00   1.4660508e+00
   1.1960000e+01   1.5000000e+00   1.5689150e+00   2.8218964e-01
   1.1980000e+01   1.5000000e+00   1.6031281e+00  -7.1007820e-01
   1.2000000e+01   1.5000000e+00   1.5738025e+00  -3.4291300e-01
   1.2020000e+01   1.5000000e+00   1.5542522e+00  -1.1318671e-01
   1.2040000e+01   1.5000000e+00   1.5298143e+00   2.8721408e-01
   1.2060000e+01   1.5000000e+00   1.4369501e+00   2.3342424e+00
   1.2080000e+01   1.5000000e+00   1.3978495e+00   3.4214467e+00
   1.2100000e+01   1.5000000e+00   1.3782991e+00   4.1755132e+00
   1.2120000e+01   1.5000000e+00   1.4369501e+00   3.1892082e+00
   1.2140000e+01   1.5000000e+00   1.5053763e+00   1.8032942e+00
   1.2160000e+01   1.5000000e+00   1.6031281e+00  -4.6101662e-01
   1.2180000e+01   1.5000000e+00   1.6275660e+00  -1.3304106e+00
   1.2200000e+01   1.5000000e+00   1.6275660e+00  -1.7105572e+00
   1.2220000e+01   1.5000000e+00   1.6177908e+00  -1.8658749e+00
   1.2240000e+01   1.5000000e+00   1.5298143e+00  -1.9343109e-01
   1.2260000e+01   1.5000000e+00   1.4956012e+00   5.0462366e-01
   1.2280000e+01   1.5000000e+00   1.4662757e+00   1.1922190e+00
   1.2300000e+01   1.5000000e+00   1.3831867e+00   3.2037634e+00
   1.2320000e+01   1.5000000e+00   1.3587488e+00   4.1139394e+00
   1.2340000e+01   1.5000000e+00   1.3587488e+00   4.5348680e+00
   1.2360000e+01   1.5000000e+00   1.5102639e+00   1.4709482e+00
   1.2380000e+01   1.5000000e+00   1.6080156e+00  -8.0792766e-01
   1.2400000e+01   1.5000000e+00   1.6764418e+00  -2.7036168e+00
   1.2420000e+01   1.5000000e+00   1.6617791e+00  -2.8921701e+00
   1.2440000e+01   1.5000000e+00   1.6422287e+00  -2.9246139e+00
   1.2460000e+01   1.5000000e+00   1.5640274e+00  -1.5498240e+00
   1.2480000e+01   1.5000000e+00   1.5347019e+00  -1.0661388e+00
   1.2500000e+01   1.5000000e+00   1.4956012e+00  -2.7023460e-01
   1.2520000e+01   1.5000000e+00   1.4027370e+00   1.8787488e+00
   1.2540000e+01   1.5000000e+00   1.3685239e+00   2.9554936e+00
   1.2560000e+01   1.5000000e+00   1.3343109e+00   4.1341935e+00
   1.2580000e+01   1.5000000e+00   1.4173998e+00   2.7169013e+00
   1.2600000e+01   1.5000000e+00   1.5004888e+00   1.0520039e+00
   1.2620000e+01   1.5000000e+00   1.6080156e+00  -1.4225709e+00
   1.2640000e+01   1.5000000e+00   1.6177908e+00  -1.9692864e+00
   1.2660000e+01   1.5000000e+00   1.5591398e+00  -9.7132942e-01
   1.2680000e+01   1.5000000e+00   1.5347019e+00  -5.8549365e-01
   1.2700000e+01   1.5000000e+00   1.4956012e+00   2.1041056e-01
   1.2720000e+01   1.5000000e+00   1.3782991e+00   2.9214663e+00
   1.2740000e+01   1.5000000e+00   1.3440860e+00   4.0710362e+00
   1.2760000e+01   1.5000000e+00   1.3587488e+00   4.1984164e+00
   1.2780000e+01   1.5000000e+00   1.4027370e+00   3.6076149e+00
   1.2800000e+01   1.5000000e+00   1.5689150e+00   7.5366569e-02
   1.2820000e+01   1.5000000e+00   1.6275660e+00  -1.4789736e+00
   1.2840000e+01   1.5000000e+00   1.6471163e+00  -2.3087781e+00
   1.2860000e+01   1.5000000e+00   1.5738025e+00  -1.0609677e+00
   1.2880000e+01   1.5000000e+00   1.5493646e+00  -7.1882698e-01
   1.2900000e+01   1.5000000e+00   1.4516129e+00   1.3823558e+00
   1.2920000e+01   1.5000000e+00   1.4222874e+00   2.2010362e+00
   1.2940000e+01   1.5000000e+00   1.3782991e+00   3.4443500e+00
   1.2960000e+01   1.5000000e+00   1.3929619e+00   3.4697752e+00
   1.2980000e+01   1.5000000e+00   1.4173998e+00   3.2266764e+00
   1.3000000e+01   1.5000000e+00   1.4565005e+00   2.5735093e+00
   1.3020000e+01   1.5000000e+00   1.5786901e+00  -1.0722385e-01
   1.3040000e+01   1.5000000e+00   1.5933529e+00  -6.7896383e-01
   1.3060000e+01   1.5000000e+00   1.6031281e+00  -1.1819844e+00
   1.3080000e+01   1.5000000e+00   1.5395894e+00  -2.7917889e-02
   1.3100000e+01   1.5000000e+00   1.5200391e+00   3.0376344e-01
   1.3120000e+01   1.5000000e+00   1.4858260e+00   1.0309482e+00
   1.3140000e+01   1.5000000e+00   1.3636364e+00   3.8835484e+00
   1.3160000e+01   1.5000000e+00   1.3294233e+00   5.0768133e+00
   1.3180000e+01   1.5000000e+00   1.3880743e+00   4.2361584e+00
   1.3200000e+01   1.5000000e+00   1.4418377e+00   3.3331378e+00
   1.3220000e+01   1.5000000e+00   1.5053763e+00   2.0450733e+00
   1.3240000e+01   1.5000000e+00   1.6324536e+00  -8.9372434e-01
   1.3260000e+01   1.5000000e+00   1.6617791e+00  -1.9629228e+00
   1.3280000e+01   1.5000000e+00   1.6324536e+00  -1.7705376e+00
   1.3300000e+01   1.5000000e+00   1.5933529e+00  -1.2659335e+00
   1.3320000e+01   1.5000000e+00   1.5689150e+00  -9.8205279e-01
   1.3340000e+01   1.5000000e+00   1.4760508e+00   9.4845552e-01
   1.3360000e+01   1.5000000e+00   1.4418377e+00   1.8067253e+00
   1.3380000e+01   1.5000000e+00   1.3685239e+00   3.6662659e+00
   1.3400000e+01   1.5000000e+00   1.3587488e+00   4.2828935e+00
   1.3420000e+01   1.5000000e+00   1.3587488e+00   4.7038221e+00
   1.3440000e+01   1.5000000e+00   1.4956012e+00   1.9771457e+00
   1.3460000e+01   1.5000000e+00   1.5493646e+00   7.5369501e-01
   1.3480000e+01   1.5000000e+00   1.6031281e+00  -6.2997067e-01
   1.3500000e+01   1.5000000e+00   1.5591398e+00   7.4437928e-02
   1.3520000e+01   1.5000000e+00   1.4760508e+00   1.8092473e+00
   1.3540000e+01   1.5000000e+00   1.4418377e+00   2.6675171e+00
   1.3560000e+01   1.5000000e+00   1.4125122e+00   3.5153275e+00
   1.3580000e+01   1.5000000e+00   1.4369501e+00   3.2139687e+00
   1.3600000e+01   1.5000000e+00   1.4613881e+00   2.8397849e+00
   1.3620000e+01   1.5000000e+00   1.5493646e+00   9.3138807e-01
   1.3640000e+01   1.5000000e+00   1.5786901e+00   1.0979472e-01
   1.3660000e+01   1.5000000e+00   1.5591398e+00   3.2495601e-01
   1.3680000e+01   1.5000000e+00   1.5395894e+00   5.9837732e-01
   1.3700000e+01   1.5000000e+00   1.4467253e+00   2.6162757e+00
   1.3720000e+01   1.5000000e+00   1.4076246e+00   3.6743500e+00
   1.3740000e+01   1.5000000e+00   1.3831867e+00   4.5117009e+00
   1.3760000e+01   1.5000000e+00   1.4173998e+00   4.0729032e+00
   1.3780000e+01   1.5000000e+00   1.5689150e+00   8.3420332e-01
   1.3800000e+01   1.5000000e+00   1.6324536e+00  -8.3255132e-01
   1.3820000e+01   1.5000000e+00   1.6715543e+00  -2.1265787e+00
   1.3840000e+01   1.5000000e+00   1.6520039e+00  -2.1881525e+00
   1.3860000e+01   1.5000000e+00   1.6226784e+00  -1.9666373e+00
   1.3880000e+01   1.5000000e+00   1.5200391e+00   2.8484848e-02
   1.3900000e+01   1.5000000e+00   1.4858260e+00   7.5566960e-01
   1.3920000e+01   1.5000000e+00   1.3880743e+00   3.0461975e+00
   1.3940000e+01   1.5000000e+00   1.3587488e+00   4.0542229e+00
   1.3960000e+01   1.5000000e+00   1.3489736e+00   4.6999804e+00
   1.3980000e+01   1.5000000e+00   1.4565005e+00   2.6769208e+00
   1.4000000e+01   1.5000000e+00   1.5151515e+00   1.4575758e+00
   1.4020000e+01   1.5000000e+00   1.5786901e+00  -4.8963832e-02
   1.4040000e+01   1.5000000e+00   1.5933529e+00  -6.2070381e-01
   1.4060000e+01   1.5000000e+00   1.5835777e+00  -6.7406647e-01
   1.4080000e+01   1.5000000e+00   1.5102639e+00   7.6308895e-01
   1.4100000e+01   1.5000000e+00   1.4711632e+00   1.6318182e+00
   1.4120000e+01   1.5000000e+00   1.3831867e+00   3.7412121e+00
   1.4140000e+01   1.5000000e+00   1.3685239e+00   4.4265591e+00
   1.4160000e+01   1.5000000e+00   1.4320626e+00   3.3569697e+00
   1.4180000e+01   1.5000000e+00   1.4858260e+00   2.3228641e+00
   1.4200000e+01   1.5000000e+00   1.5347019e+00   1.2409580e+00
   1.4220000e+01   1.5000000e+00   1.6080156e+00  -5.4867058e-01
   1.4240000e+01   1.5000000e+00   1.6226784e+00  -1.2078006e+00
   1.4260000e+01   1.5000000e+00   1.5542522e+00   4.2033236e-04
   1.4280000e+01   1.5000000e+00   1.5298143e+00   4.0082111e-01
   1.4300000e+01   1.5000000e+00   1.4858260e+00   1.3237048e+00
   1.4320000e+01   1.5000000e+00   1.4076246e+00   3.1645748e+00
   1.4340000e+01   1.5000000e+00   1.3831867e+00   4.0019257e+00
   1.4360000e+01   1.5000000e+00   1.4125122e+00   3.6755425e+00
   1.4380000e+01   1.5000000e+00   1.4662757e+00   2.6996970e+00
   1.4400000e+01   1.5000000e+00   1.5004888e+00   2.0132942e+00
   1.4420000e+01   1.5000000e+00   1.5835777e+00   1.0079179e-01
   1.4440000e+01   1.5000000e+00   1.6031281e+00  -5.9792766e-01
   1.4460000e+01   1.5000000e+00   1.5689150e+00  -1.1834800e-01
   1.4480000e+01   1.5000000e+00   1.5493646e+00   1.2594330e-01
   1.4500000e+01   1.5000000e+00   1.5151515e+00   7.6573803e-01
   1.4520000e+01   1.5000000e+00   1.3978495e+00   3.4185337e+00
   1.4540000e+01   1.5000000e+00   1.3685239e+00   4.3974291e+00
   1.4560000e+01   1.5000000e+00   1.3880743e+00   4.3395699e+00
   1.4580000e+01   1.5000000e+00   1.4418377e+00   3.4365494e+00
   1.4600000e+01   1.5000000e+00   1.6080156e+00  -2.1221896e-01
   1.4620000e+01   1.5000000e+00   1.6520039e+00  -1.5458358e+00
   1.4640000e+01   1.5000000e+00   1.6862170e+00  -2.7857087e+00
   1.4660000e+01   1.5000000e+00   1.6080156e+00  -1.5420039e+00
   1.4680000e+01   1.5000000e+00   1.5689150e+00  -9.6457478e-01
   1.4700000e+01   1.5000000e+00   1.4662757e+00   1.1907625e+00
   1.4720000e+01   1.5000000e+00   1.4222874e+00   2.3029912e+00
   1.4740000e+01   1.5000000e+00   1.3587488e+00   3.9959629e+00
   1.4760000e+01   1.5000000e+00   1.3538612e+00   4.5293060e+00
   1.4780000e+01   1.5000000e+00   1.4613881e+00   2.4916813e+00
   1.4800000e+01   1.5000000e+00   1.5102639e+00   1.4826002e+00
   1.4820000e+01   1.5000000e+00   1.5689150e+00   1.0304008e-01
   1.4840000e+01   1.5000000e+00   1.5884653e+00  -5.5198436e-01
   1.4860000e+01   1.5000000e+00   1.5738025e+00  -4.7836755e-01
   1.4880000e+01   1.5000000e+00   1.5004888e+00   9.8791789e-01
   1.4900000e+01   1.5000000e+00   1.4467253e+00   2.2230205e+00
   1.4920000e+01   1.5000000e+00   1.3734115e+00   4.0679961e+00
   1.4940000e+01   1.5000000e+00   1.3587488e+00   4.7824731e+00
   1.4960000e+01   1.5000000e+00   1.3734115e+00   4.8661584e+00
   1.4980000e+01   1.5000000e+00   1.5982405e+00   7.2326491e-02
   1.5000000e+01   1.0000000e+00   1.6568915e+00  -1.3069404e+01
   1.5020000e+01   1.0000000e+00   1.6911046e+00  -1.5813842e+01
   1.5040000e+01   1.0000000e+00   1.6617791e+00  -1.7198847e+01
   1.5060000e+01   1.0000000e+00   1.6226784e+00  -1.8271632e+01
   1.5080000e+01   1.0000000e+00   1.5738025e+00  -1.9003069e+01
   1.5100000e+01   1.0000000e+00   1.5298143e+00  -1.9701271e+01
   1.5120000e+01   1.0000000e+00   1.4809384e+00  -2.0155973e+01
   1.5140000e+01   1.0000000e+00   1.4467253e+00  -2.0802268e+01
   1.5160000e+01   1.0000000e+00   1.3880743e+00  -2.0784536e+01
   1.5180000e+01   1.0000000e+00   1.3489736e+00  -2.1041681e+01
   1.5200000e+01   1.0000000e+00   1.2267840e+00  -1.9271261e+01
   1.5220000e+01   1.0000000e+00   1.2023460e+00  -1.9385005e+01
   1.5240000e+01   1.0000000e+00   1.1241447e+00  -1.8189365e+01
   1.5260000e+01   1.0000000e+00   1.0948192e+00  -1.7884829e+01
   1.5280000e+01   1.0000000e+00   1.0606061e+00  -1.7380489e+01
   1.5300000e+01   1.0000000e+00   9.7751711e-01  -1.5650049e+01
   1.5320000e+01   1.0000000e+00   9.4330401e-01  -1.4796149e+01
   1.5340000e+01   1.0000000e+00   9.0909091e-01  -1.3840293e+01
   1.5360000e+01   1.0000000e+00   8.3088954e-01  -1.1770753e+01
   1.5380000e+01   1.0000000e+00   7.9667644e-01  -1.0479902e+01
   1.5400000e+01   1.0000000e+00   7.1847507e-01  -8.0753666e+00
   1.5420000e+01   1.0000000e+00   6.9403715e-01  -6.6743500e+00
   1.5440000e+01   1.0000000e+00   6.6471163e-01  -5.0880938e+00
   1.5460000e+01   1.0000000e+00   5.6695992e-01  -1.8406452e+00
   1.5480000e+01   1.0000000e+00   5.3763441e-01   1.2430108e-01
   1.5500000e+01   1.0000000e+00   4.4965787e-01   3.5256109e+00
   1.5520000e+01   1.0000000e+00   4.3988270e-01   5.3904594e+00
   1.5540000e+01   1.0000000e+00   4.7898338e-01   6.1602933e+00
   1.5560000e+01   1.0000000e+00   8.4066471e-01  -6.0574780e-01
   1.5580000e+01   1.0000000e+00   9.4330401e-01  -2.4916325e+00
   1.5600000e+01   1.0000000e+00   1.0117302e+00  -3.8964809e+00
   1.5620000e+01   1.0000000e+00   9.7751711e-01  -3.1445357e+00
   1.5640000e+01   1.0000000e+00   9.4819159e-01  -2.4030499e+00
   1.5660000e+01   1.0000000e+00   8.7976540e-01  -6.7485826e-01
   1.5680000e+01   1.0000000e+00   8.5043988e-01   3.5792766e-01
   1.5700000e+01   1.0000000e+00   7.5757576e-01   2.9394917e+00
   1.5720000e+01   1.0000000e+00   7.3313783e-01   4.2239883e+00
   1.5740000e+01   1.0000000e+00   8.5532747e-01   2.2088759e+00
   1.5760000e+01   1.0000000e+00   9.5307918e-01   3.9171065e-01
   1.5780000e+01   1.0000000e+00   1.1485826e+00  -3.9650440e+00
   1.5800000e+01   1.0000000e+00   1.1730205e+00  -4.9698925e+00
   1.5820000e+01   1.0000000e+00   1.1192571e+00  -4.2489345e+00
   1.5840000e+01   1.0000000e+00   1.0899316e+00  -3.9298338e+00
   1.5860000e+01   1.0000000e+00   1.0068426e+00  -2.2867840e+00
   1.5880000e+01   1.0000000e+00   9.7262952e-01  -1.5202737e+00
   1.5900000e+01   1.0000000e+00   9.5307918e-01  -9.8905181e-01
   1.5920000e+01   1.0000000e+00   8.6510264e-01   1.1742326e+00
   1.5940000e+01   1.0000000e+00   8.4555230e-01   2.0258847e+00
   1.5960000e+01   1.0000000e+00   8.1133920e-01   3.2730401e+00
   1.5980000e+01   1.0000000e+00   8.3577713e-01   3.2731769e+00
   1.6000000e+01   1.0000000e+00   8.5043988e-01   3.4253177e+00
   1.6020000e+01   1.0000000e+00   1.0312805e+00  -2.8832845e-01
   1.6040000e+01   1.0000000e+00   1.1045943e+00  -2.0677615e+00
   1.6060000e+01   1.0000000e+00   1.1388074e+00  -3.1663539e+00
   1.6080000e+01   1.0000000e+00   1.0703812e+00  -2.0061975e+00
   1.6100000e+01   1.0000000e+00   1.0508309e+00  -1.7662757e+00
   1.6120000e+01   1.0000000e+00   9.7262952e-01  -1.1912023e-01
   1.6140000e+01   1.0000000e+00   9.5307918e-01   4.1210166e-01
   1.6160000e+01   1.0000000e+00   8.3577713e-01   3.2498729e+00
   1.6180000e+01   1.0000000e+00   8.0645161e-01   4.4137439e+00
   1.6200000e+01   1.0000000e+00   8.7976540e-01   3.3043011e+00
   1.6220000e+01   1.0000000e+00   9.4330401e-01   2.2012121e+00
   1.6240000e+01   1.0000000e+00   1.0459433e+00   9.4623656e-03
   1.6260000e+01   1.0000000e+00   1.2023460e+00  -3.7247116e+00
   1.6280000e+01   1.0000000e+00   1.2218964e+00  -4.7773607e+00
   1.6300000e+01   1.0000000e+00   1.1436950e+00  -3.6399804e+00
   1.6320000e+01   1.0000000e+00   1.1143695e+00  -3.3937048e+00
   1.6340000e+01   1.0000000e+00   1.0850440e+00  -3.0600391e+00
   1.6360000e+01   1.0000000e+00   9.8240469e-01  -9.5276637e-01
   1.6380000e+01   1.0000000e+00   9.5307918e-01  -2.2584555e-01
   1.6400000e+01   1.0000000e+00   8.7487781e-01   1.7126100e+00
   1.6420000e+01   1.0000000e+00   8.5043988e-01   2.6475464e+00
   1.6440000e+01   1.0000000e+00   8.4066471e-01   3.3180645e+00
   1.6460000e+01   1.0000000e+00   8.7976540e-01   2.8935679e+00
   1.6480000e+01   1.0000000e+00   9.2375367e-01   2.2401369e+00
   1.6500000e+01   1.0000000e+00   1.1339198e+00  -2.3664712e+00
   1.6520000e+01   1.0000000e+00   1.1974585e+00  -4.2269404e+00
   1.6540000e+01   1.0000000e+00   1.2072336e+00  -5.0401955e+00
   1.6560000e+01   1.0000000e+00   1.1827957e+00  -5.0956794e+00
   1.6580000e+01   1.0000000e+00   1.1583578e+00  -5.0783382e+00
   1.6600000e+01   1.0000000e+00   1.0557185e+00  -3.1895406e+00
   1.6620000e+01   1.0000000e+00   1.0263930e+00  -2.6810948e+00
   1.6640000e+01   1.0000000e+00   9.4819159e-01  -9.6111437e-01
   1.6660000e+01   1.0000000e+00   9.2375367e-01  -2.4465298e-01
   1.6680000e+01   1.0000000e+00   8.9931574e-01   5.4463343e-01
   1.6700000e+01   1.0000000e+00   8.2111437e-01   2.6433040e+00
   1.6720000e+01   1.0000000e+00   7.8201369e-01   4.0756989e+00
   1.6740000e+01   1.0000000e+00   8.4066471e-01   3.3763245e+00
   1.6760000e+01   1.0000000e+00   9.1886608e-01   2.0525122e+00
   1.6780000e+01   1.0000000e+00   1.1681329e+00  -3.4388465e+00
   1.6800000e+01   1.0000000e+00   1.2170088e+00  -5.0640274e+00
   1.6820000e+01   1.0000000e+00   1.2267840e+00  -5.9355425e+00
   1.6840000e+01   1.0000000e+00   1.2023460e+00  -6.0492864e+00
   1.6860000e+01   1.0000000e+00   1.1827957e+00  -6.2026197e+00
   1.6880000e+01   1.0000000e+00   1.1045943e+00  -4.9487195e+00
   1.6900000e+01   1.0000000e+00   1.0654936e+00  -4.3610948e+00
   1.6920000e+01   1.0000000e+00   1.0508309e+00  -4.2190225e+00
   1.6940000e+01   1.0000000e+00   9.6285435e-01  -2.3470381e+00
   1.6960000e+01   1.0000000e+00   9.3352884e-01  -1.5618573e+00
   1.6980000e+01   1.0000000e+00   8.5043988e-01   5.4727273e-01
   1.7000000e+01   1.0000000e+00   8.1622678e-01   1.7798631e+00
   1.7020000e+01   1.0000000e+00   7.7223851e-01   3.3392375e+00
   1.7040000e+01   1.0000000e+00   7.6735093e-01   4.1303812e+00
   1.7060000e+01   1.0000000e+00   9.2864125e-01   1.1139980e+00
   1.7080000e+01   1.0000000e+00   1.0166178e+00  -6.9681329e-01
   1.7100000e+01   1.0000000e+00   1.1779081e+00  -4.4560117e+00
   1.7120000e+01   1.0000000e+00   1.1779081e+00  -4.9861779e+00
   1.7140000e+01   1.0000000e+00   1.1779081e+00  -5.5163441e+00
   1.7160000e+01   1.0000000e+00   1.1045943e+00  -4.3602933e+00
   1.7180000e+01   1.0000000e+00   1.0654936e+00  -3.7726686e+00
   1.7200000e+01   1.0000000e+00   9.8240469e-01  -2.0567937e+00
   1.7220000e+01   1.0000000e+00   9.4819159e-01  -1.2174585e+00
   1.7240000e+01   1.0000000e+00   9.2375367e-01  -5.0099707e-01
   1.7260000e+01   1.0000000e+00   8.5043988e-01   1.4124340e+00
   1.7280000e+01   1.0000000e+00   8.2600196e-01   2.4201955e+00
   1.7300000e+01   1.0000000e+00   8.0156403e-01   3.5007820e+00
   1.7320000e+01   1.0000000e+00   8.8954057e-01   2.0686608e+00
   1.7340000e+01   1.0000000e+00   9.3841642e-01   1.2736852e+00
   1.7360000e+01   1.0000000e+00   1.0117302e+00  -2.2901271e-01
   1.7380000e+01   1.0000000e+00   1.0801564e+00  -1.8377713e+00
   1.7400000e+01   1.0000000e+00   1.0703812e+00  -1.8518084e+00
   1.7420000e+01   1.0000000e+00   1.0019550e+00  -4.8774194e-01
   1.7440000e+01   1.0000000e+00   9.6774194e-01   2.9333333e-01
   1.7460000e+01   1.0000000e+00   8.7976540e-01   2.4129228e+00
   1.7480000e+01   1.0000000e+00   8.4555230e-01   3.5581232e+00
   1.7500000e+01   1.0000000e+00   8.6999022e-01   3.4563050e+00
   1.7520000e+01   1.0000000e+00   9.2375367e-01   2.6071750e+00
   1.7540000e+01   1.0000000e+00   1.1290323e+00  -1.8870186e+00
   1.7560000e+01   1.0000000e+00   1.1925709e+00  -3.7329228e+00
   1.7580000e+01   1.0000000e+00   1.2121212e+00  -4.7564418e+00
   1.7600000e+01   1.0000000e+00   1.1730205e+00  -4.4892473e+00
   1.7620000e+01   1.0000000e+00   1.1534702e+00  -4.5551906e+00
   1.7640000e+01   1.0000000e+00   1.0557185e+00  -2.7642424e+00
   1.7660000e+01   1.0000000e+00   1.0215054e+00  -2.1433822e+00
   1.7680000e+01   1.0000000e+00   9.3352884e-01  -1.8400782e-01
   1.7700000e+01   1.0000000e+00   9.1397849e-01   4.6373412e-01
   1.7720000e+01   1.0000000e+00   8.9931574e-01   1.0573216e+00
   1.7740000e+01   1.0000000e+00   8.3577713e-01   2.8187488e+00
   1.7760000e+01   1.0000000e+00   8.1622678e-01   3.7577908e+00
   1.7780000e+01   1.0000000e+00   8.4066471e-01   3.7433627e+00
   1.7800000e+01   1.0000000e+00   1.1045943e+00  -1.8521994e+00
   1.7820000e+01   1.0000000e+00   1.1485826e+00  -3.1756207e+00
   1.7840000e+01   1.0000000e+00   1.1974585e+00  -4.7425415e+00
   1.7860000e+01   1.0000000e+00   1.1583578e+00  -4.4316520e+00
   1.7880000e+01   1.0000000e+00   1.0752688e+00  -2.9925122e+00
   1.7900000e+01   1.0000000e+00   1.0410557e+00  -2.4299120e+00
   1.7920000e+01   1.0000000e+00   1.0166178e+00  -1.9901857e+00
   1.7940000e+01   1.0000000e+00   9.3352884e-01  -1.2866080e-01
   1.7960000e+01   1.0000000e+00   9.0909091e-01   6.3149560e-01
   1.7980000e+01   1.0000000e+00   8.2600196e-01   2.8134506e+00
   1.8000000e+01   1.0000000e+00   8.0156403e-01   3.8940371e+00
   1.8020000e+01   1.0000000e+00   8.6510264e-01   3.0239883e+00
   1.8040000e+01   1.0000000e+00   9.3841642e-01   1.7397654e+00
   1.8060000e+01   1.0000000e+00   1.0606061e+00  -8.8707722e-01
   1.8080000e+01   1.0000000e+00   1.1143695e+00  -2.3042424e+00
   1.8100000e+01   1.0000000e+00   1.1339198e+00  -3.0947214e+00
   1.8120000e+01   1.0000000e+00   1.0410557e+00  -1.3579277e+00
   1.8140000e+01   1.0000000e+00   1.0166178e+00  -9.1820137e-01
   1.8160000e+01   1.0000000e+00   9.2864125e-01   1.0557380e+00
   1.8180000e+01   1.0000000e+00   9.0909091e-01   1.7180450e+00
   1.8200000e+01   1.0000000e+00   8.8465298e-01   2.5510264e+00
   1.8220000e+01   1.0000000e+00   9.0420332e-01   2.4451026e+00
   1.8240000e+01   1.0000000e+00   9.3841642e-01   1.9436755e+00
   1.8260000e+01   1.0000000e+00   1.0508309e+00  -4.5833822e-01
   1.8280000e+01   1.0000000e+00   1.0801564e+00  -1.2843011e+00
   1.8300000e+01   1.0000000e+00   1.0948192e+00  -1.8604106e+00
   1.8320000e+01   1.0000000e+00   1.0215054e+00  -4.5675464e-01
   1.8340000e+01   1.0000000e+00   9.9706745e-01   4.1231672e-02
   1.8360000e+01   1.0000000e+00   9.5796676e-01   9.4928641e-01
   1.8380000e+01   1.0000000e+00   9.2864125e-01   1.7490323e+00
   1.8400000e+01   1.0000000e+00   9.0420332e-01   2.5237537e+00
   1.8420000e+01   1.0000000e+00   8.9442815e-01   3.0340567e+00
   1.8440000e+01   1.0000000e+00   9.1886608e-01   2.7865885e+00
   1.8460000e+01   1.0000000e+00   9.5796676e-01   2.1290518e+00
   1.8480000e+01   1.0000000e+00   1.0215054e+00   7.9292278e-01
   1.8500000e+01   1.0000000e+00   1.0557185e+00  -5.8064516e-02
   1.8520000e+01   1.0000000e+00   1.0850440e+00  -8.9859238e-01
   1.8540000e+01   1.0000000e+00   1.0752688e+00  -9.2719453e-01
   1.8560000e+01   1.0000000e+00   1.0557185e+00  -7.0183773e-01
   1.8580000e+01   1.0000000e+00   1.0117302e+00   1.4385142e-01
   1.8600000e+01   1.0000000e+00   8.9442815e-01   2.8068426e+00
   1.8620000e+01   1.0000000e+00   8.7487781e-01   3.5711046e+00
   1.8640000e+01   1.0000000e+00   8.9931574e-01   3.3818964e+00
   1.8660000e+01   1.0000000e+00   9.5796676e-01   2.3329619e+00
   1.8680000e+01   1.0000000e+00   1.0068426e+00   1.3340762e+00
   1.8700000e+01   1.0000000e+00   1.1730205e+00  -2.5084066e+00
   1.8720000e+01   1.0000000e+00   1.1876833e+00  -3.3612512e+00
   1.8740000e+01   1.0000000e+00   1.1485826e+00  -3.0212317e+00
   1.8760000e+01   1.0000000e+00   1.1045943e+00  -2.4522776e+00
   1.8780000e+01   1.0000000e+00   1.0263930e+00  -9.6533724e-01
   1.8800000e+01   1.0000000e+00   1.0019550e+00  -4.8191593e-01
   1.8820000e+01   1.0000000e+00   9.7262952e-01   1.8674487e-01
   1.8840000e+01   1.0000000e+00   8.8465298e-01   2.2917693e+00
   1.8860000e+01   1.0000000e+00   8.5043988e-01   3.4224047e+00
   1.8880000e+01   1.0000000e+00   8.7976540e-01   3.1936070e+00
   1.8900000e+01   1.0000000e+00   9.2864125e-01   2.4277615e+00
   1.8920000e+01   1.0000000e+00   1.1192571e+00  -1.7437537e+00
   1.8940000e+01   1.0000000e+00   1.1779081e+00  -3.4481134e+00
   1.8960000e+01   1.0000000e+00   1.1779081e+00  -3.9782796e+00
   1.8980000e+01   1.0000000e+00   1.1534702e+00  -3.9463734e+00
   1.9000000e+01   1.0000000e+00   1.0703812e+00  -2.4926686e+00
   1.9020000e+01   1.0000000e+00   1.0312805e+00  -1.8030890e+00
   1.9040000e+01   1.0000000e+00   9.4819159e-01   1.4740958e-02
   1.9060000e+01   1.0000000e+00   9.3352884e-01   5.0637341e-01
   1.9080000e+01   1.0000000e+00   8.9442815e-01   1.6037732e+00
   1.9100000e+01   1.0000000e+00   8.4555230e-01   3.0425220e+00
   1.9120000e+01   1.0000000e+00   8.3088954e-01   3.8400196e+00
   1.9140000e+01   1.0000000e+00   9.4819159e-01   1.6460215e+00
   1.9160000e+01   1.0000000e+00   1.0215054e+00   1.1419355e-01
   1.9180000e+01   1.0000000e+00   1.0801564e+00  -1.2988661e+00
   1.9200000e+01   1.0000000e+00   1.0801564e+00  -1.5377322e+00
   1.9220000e+01   1.0000000e+00   1.0508309e+00  -1.1021114e+00
   1.9240000e+01   1.0000000e+00   1.0215054e+00  -5.7910068e-01
   1.9260000e+01   1.0000000e+00   9.8240469e-01   2.5612903e-01
   1.9280000e+01   1.0000000e+00   9.5307918e-01   9.8304985e-01
   1.9300000e+01   1.0000000e+00   8.9931574e-01   2.3594330e+00
   1.9320000e+01   1.0000000e+00   8.6510264e-01   3.4463734e+00
   1.9340000e+01   1.0000000e+00   8.7487781e-01   3.6235386e+00
   1.9360000e+01   1.0000000e+00   9.3841642e-01   2.5350147e+00
   1.9380000e+01   1.0000000e+00   1.0019550e+00   1.2571457e+00
   1.9400000e+01   1.0000000e+00   1.0948192e+00  -8.8455523e-01
   1.9420000e+01   1.0000000e+00   1.1485826e+00  -2.4036755e+00
   1.9440000e+01   1.0000000e+00   1.1485826e+00  -2.8464516e+00
   1.9460000e+01   1.0000000e+00   1.1241447e+00  -2.7271554e+00
   1.9480000e+01   1.0000000e+00   9.7751711e-01   2.7532747e-01
   1.9500000e+01   1.0000000e+00   8.9931574e-01   2.1409580e+00
   1.9520000e+01   1.0000000e+00   8.7487781e-01   3.0030694e+00
   1.9540000e+01   1.0000000e+00   8.7487781e-01   3.3759335e+00
   1.9560000e+01   1.0000000e+00   9.0909091e-01   2.9618964e+00
   1.9580000e+01   1.0000000e+00   9.7262952e-01   1.7714174e+00
   1.9600000e+01   1.0000000e+00   1.1583578e+00  -2.4187683e+00
   1.9620000e+01   1.0000000e+00   1.2023460e+00  -3.9024047e+00
   1.9640000e+01   1.0000000e+00   1.1730205e+00  -3.8309091e+00
   1.9660000e+01   1.0000000e+00   1.1436950e+00  -3.6720235e+00
   1.9680000e+01   1.0000000e+00   1.0606061e+00  -2.1891887e+00
   1.9700000e+01   1.0000000e+00   1.0263930e+00  -1.5828935e+00
   1.9720000e+01   1.0000000e+00   9.4330401e-01   2.4950147e-01
   1.9740000e+01   1.0000000e+00   9.2375367e-01   8.6811339e-01
   1.9760000e+01   1.0000000e+00   8.8954057e-01   1.8822287e+00
   1.9780000e+01   1.0000000e+00   8.4555230e-01   3.2231281e+00
   1.9800000e+01   1.0000000e+00   8.4555230e-01   3.6833822e+00
   1.9820000e+01   1.0000000e+00   9.7751711e-01   1.1084457e+00
   1.9840000e+01   1.0000000e+00   1.0459433e+00  -3.9835777e-01
   1.9860000e+01   1.0000000e+00   1.1583578e+00  -3.1208016e+00
   1.9880000e+01   1.0000000e+00   1.1583578e+00  -3.5927077e+00
   1.9900000e+01   1.0000000e+00   1.1290323e+00  -3.3901271e+00
   1.9920000e+01   1.0000000e+00   1.0997067e+00  -3.1001564e+00
   1.9940000e+01   1.0000000e+00   1.0654936e+00  -2.6103812e+00
   1.9960000e+01   1.0000000e+00   1.0263930e+00  -1.9062366e+00
   1.9980000e+01   1.0000000e+00   9.8729228e-01  -1.0855718e+00
   2.0000000e+01   1.5000000e+00   9.4819159e-01   1.1351613e+01
