   0.0000000e+00   1.5000000e+00   0.0000000e+00   0.0000000e+00
   2.0000000e-02   1.5000000e+00   0.0000000e+00   1.5000000e-01
   4.0000000e-02   1.5000000e+00   0.0000000e+00   3.0000000e-01
   6.0000000e-02   1.5000000e+00   0.0000000e+00   4.5000000e-01
   8.0000000e-02   1.5000000e+00   0.0000000e+00   6.0000000e-01
   1.0000000e-01   1.5000000e+00   0.0000000e+00   7.5000000e-01
   1.2000000e-01   1.5000000e+00   0.0000000e+00   9.0000000e-01
   1.4000000e-01   1.5000000e+00   2.4437928e-02   1.0500000e+00
   1.6000000e-01   1.5000000e+00   5.3763441e-02   1.1975562e+00
   1.8000000e-01   1.5000000e+00   5.8651026e-02   1.3421799e+00
   2.0000000e-01   1.5000000e+00   1.6617791e-01   1.4863148e+00
   2.2000000e-01   1.5000000e+00   1.9550342e-01   1.6196970e+00
   2.4000000e-01   1.5000000e+00   2.3460411e-01   1.7501466e+00
   2.6000000e-01   1.5000000e+00   2.8347996e-01   1.8766862e+00
   2.8000000e-01   1.5000000e+00   3.3235582e-01   1.9983382e+00
   3.0000000e-01   1.5000000e+00   4.6920821e-01   2.1151026e+00
   3.2000000e-01   1.5000000e+00   5.5229717e-01   2.2181818e+00
   3.4000000e-01   1.5000000e+00   6.3049853e-01   2.3129521e+00
   3.6000000e-01   1.5000000e+00   6.8914956e-01   2.3999022e+00
   3.8000000e-01   1.5000000e+00   7.7223851e-01   2.4809873e+00
   4.0000000e-01   1.5000000e+00   8.2600196e-01   2.5537634e+00
   4.2000000e-01   1.5000000e+00   8.8954057e-01   2.6211632e+00
   4.4000000e-01   1.5000000e+00   9.4330401e-01   2.6822092e+00
   4.6000000e-01   1.5000000e+00   1.0117302e+00   2.7378788e+00
   4.8000000e-01   1.5000000e+00   1.0801564e+00   2.7867058e+00
   5.0000000e-01   1.5000000e+00   1.1485826e+00   2.8286901e+00
   5.2000000e-01   1.5000000e+00   1.2072336e+00   2.8638319e+00
   5.4000000e-01   1.5000000e+00   1.2805474e+00   2.8931085e+00
   5.6000000e-01   1.5000000e+00   1.3294233e+00   2.9150538e+00
   5.8000000e-01   1.5000000e+00   1.3734115e+00   2.9321114e+00
   6.0000000e-01   1.5000000e+00   1.4369501e+00   2.9447703e+00
   6.2000000e-01   1.5000000e+00   1.4711632e+00   2.9510753e+00
   6.4000000e-01   1.5000000e+00   1.5200391e+00   2.9539589e+00
   6.6000000e-01   1.5000000e+00   1.5640274e+00   2.9519550e+00
   6.8000000e-01   1.5000000e+00   1.5982405e+00   2.9455523e+00
   7.0000000e-01   1.5000000e+00   1.6422287e+00   2.9357283e+00
   7.2000000e-01   1.5000000e+00   1.6862170e+00   2.9215054e+00
   7.4000000e-01   1.5000000e+00   1.7204301e+00   2.9028837e+00
   7.6000000e-01   1.5000000e+00   1.7448680e+00   2.8808407e+00
   7.8000000e-01   1.5000000e+00   1.7839687e+00   2.8563539e+00
   8.0000000e-01   1.5000000e+00   1.7986315e+00   2.8279570e+00
   8.2000000e-01   1.5000000e+00   1.8181818e+00   2.7980938e+00
   8.4000000e-01   1.5000000e+00   1.8377322e+00   2.7662757e+00
   8.6000000e-01   1.5000000e+00   1.8426197e+00   2.7325024e+00
   8.8000000e-01   1.5000000e+00   1.8523949e+00   2.6982405e+00
   9.0000000e-01   1.5000000e+00   1.8621701e+00   2.6630010e+00
   9.2000000e-01   1.5000000e+00   1.8768328e+00   2.6267840e+00
   9.4000000e-01   1.5000000e+00   1.8866080e+00   2.5891007e+00
   9.6000000e-01   1.5000000e+00   1.8914956e+00   2.5504399e+00
   9.8000000e-01   1.5000000e+00   1.9012708e+00   2.5112903e+00
   1.0000000e+00   1.5000000e+00   1.9012708e+00   2.4711632e+00
   1.0200000e+00   1.5000000e+00   1.9061584e+00   2.4310362e+00
   1.0400000e+00   1.5000000e+00   1.9110459e+00   2.3904203e+00
   1.0600000e+00   1.5000000e+00   1.9061584e+00   2.3493157e+00
   1.0800000e+00   1.5000000e+00   1.9110459e+00   2.3086999e+00
   1.1000000e+00   1.5000000e+00   1.9061584e+00   2.2675953e+00
   1.1200000e+00   1.5000000e+00   1.9061584e+00   2.2269795e+00
   1.1400000e+00   1.5000000e+00   1.9061584e+00   2.1863636e+00
   1.1600000e+00   1.5000000e+00   1.8963832e+00   2.1457478e+00
   1.1800000e+00   1.5000000e+00   1.8866080e+00   2.1061095e+00
   1.2000000e+00   1.5000000e+00   1.8866080e+00   2.0674487e+00
   1.2200000e+00   1.5000000e+00   1.8768328e+00   2.0287879e+00
   1.2400000e+00   1.5000000e+00   1.8719453e+00   1.9911046e+00
   1.2600000e+00   1.5000000e+00   1.8768328e+00   1.9539101e+00
   1.2800000e+00   1.5000000e+00   1.8670577e+00   1.9162268e+00
   1.3000000e+00   1.5000000e+00   1.8572825e+00   1.8795210e+00
   1.3200000e+00   1.5000000e+00   1.8523949e+00   1.8437928e+00
   1.3400000e+00   1.5000000e+00   1.8475073e+00   1.8085533e+00
   1.3600000e+00   1.5000000e+00   1.8377322e+00   1.7738025e+00
   1.3800000e+00   1.5000000e+00   1.8328446e+00   1.7400293e+00
   1.4000000e+00   1.5000000e+00   1.8181818e+00   1.7067449e+00
   1.4200000e+00   1.5000000e+00   1.8230694e+00   1.6749267e+00
   1.4400000e+00   1.5000000e+00   1.8084066e+00   1.6426197e+00
   1.4600000e+00   1.5000000e+00   1.8035191e+00   1.6117791e+00
   1.4800000e+00   1.5000000e+00   1.7986315e+00   1.5814272e+00
   1.5000000e+00   1.5000000e+00   1.7839687e+00   1.5515640e+00
   1.5200000e+00   1.5000000e+00   1.7741935e+00   1.5231672e+00
   1.5400000e+00   1.5000000e+00   1.7595308e+00   1.4957478e+00
   1.5600000e+00   1.5000000e+00   1.7448680e+00   1.4697947e+00
   1.5800000e+00   1.5000000e+00   1.7302053e+00   1.4453079e+00
   1.6000000e+00   1.5000000e+00   1.7155425e+00   1.4222874e+00
   1.6200000e+00   1.5000000e+00   1.7008798e+00   1.4007331e+00
   1.6400000e+00   1.5000000e+00   1.6813294e+00   1.3806452e+00
   1.6600000e+00   1.5000000e+00   1.6666667e+00   1.3625122e+00
   1.6800000e+00   1.5000000e+00   1.6568915e+00   1.3458456e+00
   1.7000000e+00   1.5000000e+00   1.6422287e+00   1.3301564e+00
   1.7200000e+00   1.5000000e+00   1.6324536e+00   1.3159335e+00
   1.7400000e+00   1.5000000e+00   1.6226784e+00   1.3026882e+00
   1.7600000e+00   1.5000000e+00   1.6080156e+00   1.2904203e+00
   1.7800000e+00   1.5000000e+00   1.5933529e+00   1.2796188e+00
   1.8000000e+00   1.5000000e+00   1.5738025e+00   1.2702835e+00
   1.8200000e+00   1.5000000e+00   1.5640274e+00   1.2629032e+00
   1.8400000e+00   1.5000000e+00   1.5493646e+00   1.2565005e+00
   1.8600000e+00   1.5000000e+00   1.5395894e+00   1.2515640e+00
   1.8800000e+00   1.5000000e+00   1.5200391e+00   1.2476051e+00
   1.9000000e+00   1.5000000e+00   1.5102639e+00   1.2456012e+00
   1.9200000e+00   1.5000000e+00   1.4956012e+00   1.2445748e+00
   1.9400000e+00   1.5000000e+00   1.4907136e+00   1.2450147e+00
   1.9600000e+00   1.5000000e+00   1.4809384e+00   1.2459433e+00
   1.9800000e+00   1.5000000e+00   1.4613881e+00   1.2478495e+00
   2.0000000e+00   1.5000000e+00   1.4565005e+00   1.2517107e+00
   2.0200000e+00   1.5000000e+00   1.4516129e+00   1.2560606e+00
   2.0400000e+00   1.5000000e+00   1.4418377e+00   1.2608993e+00
   2.0600000e+00   1.5000000e+00   1.4222874e+00   1.2667155e+00
   2.0800000e+00   1.5000000e+00   1.4173998e+00   1.2744868e+00
   2.1000000e+00   1.5000000e+00   1.4125122e+00   1.2827468e+00
   2.1200000e+00   1.5000000e+00   1.4027370e+00   1.2914956e+00
   2.1400000e+00   1.5000000e+00   1.3978495e+00   1.3012219e+00
   2.1600000e+00   1.5000000e+00   1.3929619e+00   1.3114370e+00
   2.1800000e+00   1.5000000e+00   1.3831867e+00   1.3221408e+00
   2.2000000e+00   1.5000000e+00   1.3685239e+00   1.3338221e+00
   2.2200000e+00   1.5000000e+00   1.3489736e+00   1.3469697e+00
   2.2400000e+00   1.5000000e+00   1.3538612e+00   1.3620723e+00
   2.2600000e+00   1.5000000e+00   1.3489736e+00   1.3766862e+00
   2.2800000e+00   1.5000000e+00   1.3489736e+00   1.3917889e+00
   2.3000000e+00   1.5000000e+00   1.3538612e+00   1.4068915e+00
   2.3200000e+00   1.5000000e+00   1.3440860e+00   1.4215054e+00
   2.3400000e+00   1.5000000e+00   1.3489736e+00   1.4370968e+00
   2.3600000e+00   1.5000000e+00   1.3538612e+00   1.4521994e+00
   2.3800000e+00   1.5000000e+00   1.3440860e+00   1.4668133e+00
   2.4000000e+00   1.5000000e+00   1.3489736e+00   1.4824047e+00
   2.4200000e+00   1.5000000e+00   1.3489736e+00   1.4975073e+00
   2.4400000e+00   1.5000000e+00   1.3489736e+00   1.5126100e+00
   2.4600000e+00   1.5000000e+00   1.3636364e+00   1.5277126e+00
   2.4800000e+00   1.5000000e+00   1.3587488e+00   1.5413490e+00
   2.5000000e+00   1.5000000e+00   1.3685239e+00   1.5554741e+00
   2.5200000e+00   1.5000000e+00   1.3636364e+00   1.5686217e+00
   2.5400000e+00   1.5000000e+00   1.3685239e+00   1.5822581e+00
   2.5600000e+00   1.5000000e+00   1.3636364e+00   1.5954057e+00
   2.5800000e+00   1.5000000e+00   1.3734115e+00   1.6090420e+00
   2.6000000e+00   1.5000000e+00   1.3734115e+00   1.6217009e+00
   2.6200000e+00   1.5000000e+00   1.3929619e+00   1.6343597e+00
   2.6400000e+00   1.5000000e+00   1.3929619e+00   1.6450635e+00
   2.6600000e+00   1.5000000e+00   1.4027370e+00   1.6557674e+00
   2.6800000e+00   1.5000000e+00   1.4027370e+00   1.6654936e+00
   2.7000000e+00   1.5000000e+00   1.4125122e+00   1.6752199e+00
   2.7200000e+00   1.5000000e+00   1.4173998e+00   1.6839687e+00
   2.7400000e+00   1.5000000e+00   1.4271750e+00   1.6922287e+00
   2.7600000e+00   1.5000000e+00   1.4320626e+00   1.6995112e+00
   2.7800000e+00   1.5000000e+00   1.4320626e+00   1.7063050e+00
   2.8000000e+00   1.5000000e+00   1.4418377e+00   1.7130987e+00
   2.8200000e+00   1.5000000e+00   1.4467253e+00   1.7189150e+00
   2.8400000e+00   1.5000000e+00   1.4565005e+00   1.7242424e+00
   2.8600000e+00   1.5000000e+00   1.4565005e+00   1.7285924e+00
   2.8800000e+00   1.5000000e+00   1.4711632e+00   1.7329423e+00
   2.9000000e+00   1.5000000e+00   1.4613881e+00   1.7358260e+00
   2.9200000e+00   1.5000000e+00   1.4711632e+00   1.7396872e+00
   2.9400000e+00   1.5000000e+00   1.4760508e+00   1.7425709e+00
   2.9600000e+00   1.5000000e+00   1.4809384e+00   1.7449658e+00
   2.9800000e+00   1.5000000e+00   1.4809384e+00   1.7468719e+00
   3.0000000e+00   1.5000000e+00   1.4809384e+00   1.7487781e+00
   3.0200000e+00   1.5000000e+00   1.4809384e+00   1.7506843e+00
   3.0400000e+00   1.5000000e+00   1.4760508e+00   1.7525904e+00
   3.0600000e+00   1.5000000e+00   1.4858260e+00   1.7549853e+00
   3.0800000e+00   1.5000000e+00   1.4809384e+00   1.7564027e+00
   3.1000000e+00   1.5000000e+00   1.4907136e+00   1.7583089e+00
   3.1200000e+00   1.5000000e+00   1.4907136e+00   1.7592375e+00
   3.1400000e+00   1.5000000e+00   1.4956012e+00   1.7601662e+00
   3.1600000e+00   1.5000000e+00   1.5053763e+00   1.7606061e+00
   3.1800000e+00   1.5000000e+00   1.5004888e+00   1.7600684e+00
   3.2000000e+00   1.5000000e+00   1.5053763e+00   1.7600196e+00
   3.2200000e+00   1.5000000e+00   1.5053763e+00   1.7594819e+00
   3.2400000e+00   1.5000000e+00   1.5053763e+00   1.7589443e+00
   3.2600000e+00   1.5000000e+00   1.5102639e+00   1.7584066e+00
   3.2800000e+00   1.5000000e+00   1.5151515e+00   1.7573803e+00
   3.3000000e+00   1.5000000e+00   1.5200391e+00   1.7558651e+00
   3.3200000e+00   1.5000000e+00   1.5200391e+00   1.7538612e+00
   3.3400000e+00   1.5000000e+00   1.5249267e+00   1.7518573e+00
   3.3600000e+00   1.5000000e+00   1.5298143e+00   1.7493646e+00
   3.3800000e+00   1.5000000e+00   1.5249267e+00   1.7463832e+00
   3.4000000e+00   1.5000000e+00   1.5249267e+00   1.7438905e+00
   3.4200000e+00   1.5000000e+00   1.5151515e+00   1.7413978e+00
   3.4400000e+00   1.5000000e+00   1.5200391e+00   1.7398827e+00
   3.4600000e+00   1.5000000e+00   1.5249267e+00   1.7378788e+00
   3.4800000e+00   1.5000000e+00   1.5200391e+00   1.7353861e+00
   3.5000000e+00   1.5000000e+00   1.5298143e+00   1.7333822e+00
   3.5200000e+00   1.5000000e+00   1.5249267e+00   1.7304008e+00
   3.5400000e+00   1.5000000e+00   1.5151515e+00   1.7279081e+00
   3.5600000e+00   1.5000000e+00   1.5249267e+00   1.7263930e+00
   3.5800000e+00   1.5000000e+00   1.5249267e+00   1.7239003e+00
   3.6000000e+00   1.5000000e+00   1.5249267e+00   1.7214076e+00
   3.6200000e+00   1.5000000e+00   1.5249267e+00   1.7189150e+00
   3.6400000e+00   1.5000000e+00   1.5249267e+00   1.7164223e+00
   3.6600000e+00   1.5000000e+00   1.5200391e+00   1.7139296e+00
   3.6800000e+00   1.5000000e+00   1.5249267e+00   1.7119257e+00
   3.7000000e+00   1.5000000e+00   1.5249267e+00   1.7094330e+00
   3.7200000e+00   1.5000000e+00   1.5151515e+00   1.7069404e+00
   3.7400000e+00   1.5000000e+00   1.5151515e+00   1.7054252e+00
   3.7600000e+00   1.5000000e+00   1.5102639e+00   1.7039101e+00
   3.7800000e+00   1.5000000e+00   1.5102639e+00   1.7028837e+00
   3.8000000e+00   1.5000000e+00   1.5200391e+00   1.7018573e+00
   3.8200000e+00   1.5000000e+00   1.5102639e+00   1.6998534e+00
   3.8400000e+00   1.5000000e+00   1.5102639e+00   1.6988270e+00
   3.8600000e+00   1.5000000e+00   1.5151515e+00   1.6978006e+00
   3.8800000e+00   1.5000000e+00   1.5053763e+00   1.6962854e+00
   3.9000000e+00   1.5000000e+00   1.5053763e+00   1.6957478e+00
   3.9200000e+00   1.5000000e+00   1.5151515e+00   1.6952102e+00
   3.9400000e+00   1.5000000e+00   1.5102639e+00   1.6936950e+00
   3.9600000e+00   1.5000000e+00   1.4956012e+00   1.6926686e+00
   3.9800000e+00   1.5000000e+00   1.5053763e+00   1.6931085e+00
   4.0000000e+00   1.5000000e+00   1.5053763e+00   1.6925709e+00
   4.0200000e+00   1.5000000e+00   1.5004888e+00   1.6920332e+00
   4.0400000e+00   1.5000000e+00   1.5053763e+00   1.6919844e+00
   4.0600000e+00   1.5000000e+00   1.5004888e+00   1.6914467e+00
   4.0800000e+00   1.5000000e+00   1.4956012e+00   1.6913978e+00
   4.1000000e+00   1.5000000e+00   1.5004888e+00   1.6918377e+00
   4.1200000e+00   1.5000000e+00   1.4907136e+00   1.6917889e+00
   4.1400000e+00   1.5000000e+00   1.4907136e+00   1.6927175e+00
   4.1600000e+00   1.5000000e+00   1.4956012e+00   1.6936461e+00
   4.1800000e+00   1.5000000e+00   1.5053763e+00   1.6940860e+00
   4.2000000e+00   1.5000000e+00   1.5053763e+00   1.6935484e+00
   4.2200000e+00   1.5000000e+00   1.5102639e+00   1.6930108e+00
   4.2400000e+00   1.5000000e+00   1.5053763e+00   1.6919844e+00
   4.2600000e+00   1.5000000e+00   1.5102639e+00   1.6914467e+00
   4.2800000e+00   1.5000000e+00   1.5102639e+00   1.6904203e+00
   4.3000000e+00   1.5000000e+00   1.5053763e+00   1.6893939e+00
   4.3200000e+00   1.5000000e+00   1.5053763e+00   1.6888563e+00
   4.3400000e+00   1.5000000e+00   1.5102639e+00   1.6883187e+00
   4.3600000e+00   1.5000000e+00   1.5102639e+00   1.6872923e+00
   4.3800000e+00   1.5000000e+00   1.5053763e+00   1.6862659e+00
   4.4000000e+00   1.5000000e+00   1.5102639e+00   1.6857283e+00
   4.4200000e+00   1.5000000e+00   1.5004888e+00   1.6847019e+00
   4.4400000e+00   1.5000000e+00   1.5102639e+00   1.6846530e+00
   4.4600000e+00   1.5000000e+00   1.5102639e+00   1.6836266e+00
   4.4800000e+00   1.5000000e+00   1.5102639e+00   1.6826002e+00
   4.5000000e+00   1.5000000e+00   1.5151515e+00   1.6815738e+00
   4.5200000e+00   1.5000000e+00   1.5102639e+00   1.6800587e+00
   4.5400000e+00   1.5000000e+00   1.5151515e+00   1.6790323e+00
   4.5600000e+00   1.5000000e+00   1.5200391e+00   1.6775171e+00
   4.5800000e+00   1.5000000e+00   1.5151515e+00   1.6755132e+00
   4.6000000e+00   1.5000000e+00   1.5102639e+00   1.6739980e+00
   4.6200000e+00   1.5000000e+00   1.5200391e+00   1.6729717e+00
   4.6400000e+00   1.5000000e+00   1.5102639e+00   1.6709677e+00
   4.6600000e+00   1.5000000e+00   1.5200391e+00   1.6699413e+00
   4.6800000e+00   1.5000000e+00   1.5151515e+00   1.6679374e+00
   4.7000000e+00   1.5000000e+00   1.5151515e+00   1.6664223e+00
   4.7200000e+00   1.5000000e+00   1.5102639e+00   1.6649071e+00
   4.7400000e+00   1.5000000e+00   1.5102639e+00   1.6638807e+00
   4.7600000e+00   1.5000000e+00   1.5102639e+00   1.6628543e+00
   4.7800000e+00   1.5000000e+00   1.5102639e+00   1.6618280e+00
   4.8000000e+00   1.5000000e+00   1.5102639e+00   1.6608016e+00
   4.8200000e+00   1.5000000e+00   1.5102639e+00   1.6597752e+00
   4.8400000e+00   1.5000000e+00   1.5151515e+00   1.6587488e+00
   4.8600000e+00   1.5000000e+00   1.5102639e+00   1.6572336e+00
   4.8800000e+00   1.5000000e+00   1.5102639e+00   1.6562072e+00
   4.9000000e+00   1.5000000e+00   1.5102639e+00   1.6551808e+00
   4.9200000e+00   1.5000000e+00   1.5053763e+00   1.6541544e+00
   4.9400000e+00   1.5000000e+00   1.5151515e+00   1.6536168e+00
   4.9600000e+00   1.5000000e+00   1.5151515e+00   1.6521017e+00
   4.9800000e+00   1.5000000e+00   1.5102639e+00   1.6505865e+00
   5.0000000e+00   1.0000000e+00   1.5151515e+00   1.6495601e+00
   5.0200000e+00   1.0000000e+00   1.5151515e+00   1.5980450e+00
   5.0400000e+00   1.0000000e+00   1.5102639e+00   1.5465298e+00
   5.0600000e+00   1.0000000e+00   1.5053763e+00   1.4955034e+00
   5.0800000e+00   1.0000000e+00   1.5053763e+00   1.4449658e+00
   5.1000000e+00   1.0000000e+00   1.5004888e+00   1.3944282e+00
   5.1200000e+00   1.0000000e+00   1.5004888e+00   1.3443793e+00
   5.1400000e+00   1.0000000e+00   1.4907136e+00   1.2943304e+00
   5.1600000e+00   1.0000000e+00   1.4858260e+00   1.2452590e+00
   5.1800000e+00   1.0000000e+00   1.4662757e+00   1.1966764e+00
   5.2000000e+00   1.0000000e+00   1.4516129e+00   1.1500489e+00
   5.2200000e+00   1.0000000e+00   1.4467253e+00   1.1048876e+00
   5.2400000e+00   1.0000000e+00   1.4222874e+00   1.0602151e+00
   5.2600000e+00   1.0000000e+00   1.4125122e+00   1.0179863e+00
   5.2800000e+00   1.0000000e+00   1.3978495e+00   9.7673509e-01
   5.3000000e+00   1.0000000e+00   1.3782991e+00   9.3695015e-01
   5.3200000e+00   1.0000000e+00   1.3685239e+00   8.9912023e-01
   5.3400000e+00   1.0000000e+00   1.3440860e+00   8.6226784e-01
   5.3600000e+00   1.0000000e+00   1.3294233e+00   8.2785924e-01
   5.3800000e+00   1.0000000e+00   1.3098729e+00   7.9491691e-01
   5.4000000e+00   1.0000000e+00   1.2805474e+00   7.6392962e-01
   5.4200000e+00   1.0000000e+00   1.2658847e+00   7.3587488e-01
   5.4400000e+00   1.0000000e+00   1.2365591e+00   7.0928641e-01
   5.4600000e+00   1.0000000e+00   1.2267840e+00   6.8563050e-01
   5.4800000e+00   1.0000000e+00   1.1974585e+00   6.6295210e-01
   5.5000000e+00   1.0000000e+00   1.1632454e+00   6.4320626e-01
   5.5200000e+00   1.0000000e+00   1.1436950e+00   6.2688172e-01
   5.5400000e+00   1.0000000e+00   1.1143695e+00   6.1251222e-01
   5.5600000e+00   1.0000000e+00   1.0997067e+00   6.0107527e-01
   5.5800000e+00   1.0000000e+00   1.0703812e+00   5.9110459e-01
   5.6000000e+00   1.0000000e+00   1.0459433e+00   5.8406647e-01
   5.6200000e+00   1.0000000e+00   1.0215054e+00   5.7947214e-01
   5.6400000e+00   1.0000000e+00   9.9706745e-01   5.7732160e-01
   5.6600000e+00   1.0000000e+00   9.8240469e-01   5.7761486e-01
   5.6800000e+00   1.0000000e+00   9.5796676e-01   5.7937439e-01
   5.7000000e+00   1.0000000e+00   9.2864125e-01   5.8357771e-01
   5.7200000e+00   1.0000000e+00   9.0420332e-01   5.9071359e-01
   5.7400000e+00   1.0000000e+00   8.8465298e-01   6.0029326e-01
   5.7600000e+00   1.0000000e+00   8.6999022e-01   6.1182796e-01
   5.7800000e+00   1.0000000e+00   8.4555230e-01   6.2482893e-01
   5.8000000e+00   1.0000000e+00   8.2600196e-01   6.4027370e-01
   5.8200000e+00   1.0000000e+00   8.0645161e-01   6.5767351e-01
   5.8400000e+00   1.0000000e+00   7.9178886e-01   6.7702835e-01
   5.8600000e+00   1.0000000e+00   7.8201369e-01   6.9784946e-01
   5.8800000e+00   1.0000000e+00   7.6246334e-01   7.1964809e-01
   5.9000000e+00   1.0000000e+00   7.6246334e-01   7.4340176e-01
   5.9200000e+00   1.0000000e+00   7.4291300e-01   7.6715543e-01
   5.9400000e+00   1.0000000e+00   7.3802542e-01   7.9286413e-01
   5.9600000e+00   1.0000000e+00   7.2825024e-01   8.1906158e-01
   5.9800000e+00   1.0000000e+00   7.2336266e-01   8.4623656e-01
   6.0000000e+00   1.0000000e+00   7.2336266e-01   8.7390029e-01
   6.0200000e+00   1.0000000e+00   7.1358749e-01   9.0156403e-01
   6.0400000e+00   1.0000000e+00   7.1847507e-01   9.3020528e-01
   6.0600000e+00   1.0000000e+00   7.0869990e-01   9.5835777e-01
   6.0800000e+00   1.0000000e+00   7.1358749e-01   9.8748778e-01
   6.1000000e+00   1.0000000e+00   7.1847507e-01   1.0161290e+00
   6.1200000e+00   1.0000000e+00   7.1847507e-01   1.0442815e+00
   6.1400000e+00   1.0000000e+00   7.2825024e-01   1.0724340e+00
   6.1600000e+00   1.0000000e+00   7.3802542e-01   1.0996090e+00
   6.1800000e+00   1.0000000e+00   7.4780059e-01   1.1258065e+00
   6.2000000e+00   1.0000000e+00   7.5757576e-01   1.1510264e+00
   6.2200000e+00   1.0000000e+00   7.6246334e-01   1.1752688e+00
   6.2400000e+00   1.0000000e+00   7.7223851e-01   1.1990225e+00
   6.2600000e+00   1.0000000e+00   7.8690127e-01   1.2217986e+00
   6.2800000e+00   1.0000000e+00   7.9667644e-01   1.2431085e+00
   6.3000000e+00   1.0000000e+00   8.1133920e-01   1.2634409e+00
   6.3200000e+00   1.0000000e+00   8.2111437e-01   1.2823069e+00
   6.3400000e+00   1.0000000e+00   8.3577713e-01   1.3001955e+00
   6.3600000e+00   1.0000000e+00   8.5043988e-01   1.3166178e+00
   6.3800000e+00   1.0000000e+00   8.6510264e-01   1.3315738e+00
   6.4000000e+00   1.0000000e+00   8.7487781e-01   1.3450635e+00
   6.4200000e+00   1.0000000e+00   8.8954057e-01   1.3575758e+00
   6.4400000e+00   1.0000000e+00   9.1397849e-01   1.3686217e+00
   6.4600000e+00   1.0000000e+00   9.2375367e-01   1.3772239e+00
   6.4800000e+00   1.0000000e+00   9.2864125e-01   1.3848485e+00
   6.5000000e+00   1.0000000e+00   9.5796676e-01   1.3919844e+00
   6.5200000e+00   1.0000000e+00   9.5796676e-01   1.3961877e+00
   6.5400000e+00   1.0000000e+00   9.7751711e-01   1.4003910e+00
   6.5600000e+00   1.0000000e+00   9.8729228e-01   1.4026393e+00
   6.5800000e+00   1.0000000e+00   9.9706745e-01   1.4039101e+00
   6.6000000e+00   1.0000000e+00   1.0117302e+00   1.4042033e+00
   6.6200000e+00   1.0000000e+00   1.0215054e+00   1.4030303e+00
   6.6400000e+00   1.0000000e+00   1.0459433e+00   1.4008798e+00
   6.6600000e+00   1.0000000e+00   1.0410557e+00   1.3962854e+00
   6.6800000e+00   1.0000000e+00   1.0703812e+00   1.3921799e+00
   6.7000000e+00   1.0000000e+00   1.0801564e+00   1.3851417e+00
   6.7200000e+00   1.0000000e+00   1.0850440e+00   1.3771261e+00
   6.7400000e+00   1.0000000e+00   1.0899316e+00   1.3686217e+00
   6.7600000e+00   1.0000000e+00   1.0948192e+00   1.3596285e+00
   6.7800000e+00   1.0000000e+00   1.1094819e+00   1.3501466e+00
   6.8000000e+00   1.0000000e+00   1.1094819e+00   1.3391984e+00
   6.8200000e+00   1.0000000e+00   1.1143695e+00   1.3282502e+00
   6.8400000e+00   1.0000000e+00   1.1143695e+00   1.3168133e+00
   6.8600000e+00   1.0000000e+00   1.1241447e+00   1.3053763e+00
   6.8800000e+00   1.0000000e+00   1.1339198e+00   1.2929619e+00
   6.9000000e+00   1.0000000e+00   1.1388074e+00   1.2795699e+00
   6.9200000e+00   1.0000000e+00   1.1436950e+00   1.2656891e+00
   6.9400000e+00   1.0000000e+00   1.1436950e+00   1.2513196e+00
   6.9600000e+00   1.0000000e+00   1.1436950e+00   1.2369501e+00
   6.9800000e+00   1.0000000e+00   1.1436950e+00   1.2225806e+00
   7.0000000e+00   1.0000000e+00   1.1436950e+00   1.2082111e+00
   7.0200000e+00   1.0000000e+00   1.1436950e+00   1.1938416e+00
   7.0400000e+00   1.0000000e+00   1.1436950e+00   1.1794721e+00
   7.0600000e+00   1.0000000e+00   1.1436950e+00   1.1651026e+00
   7.0800000e+00   1.0000000e+00   1.1388074e+00   1.1507331e+00
   7.1000000e+00   1.0000000e+00   1.1388074e+00   1.1368524e+00
   7.1200000e+00   1.0000000e+00   1.1339198e+00   1.1229717e+00
   7.1400000e+00   1.0000000e+00   1.1290323e+00   1.1095797e+00
   7.1600000e+00   1.0000000e+00   1.1290323e+00   1.0966764e+00
   7.1800000e+00   1.0000000e+00   1.1290323e+00   1.0837732e+00
   7.2000000e+00   1.0000000e+00   1.1290323e+00   1.0708700e+00
   7.2200000e+00   1.0000000e+00   1.1192571e+00   1.0579668e+00
   7.2400000e+00   1.0000000e+00   1.1143695e+00   1.0460411e+00
   7.2600000e+00   1.0000000e+00   1.1045943e+00   1.0346041e+00
   7.2800000e+00   1.0000000e+00   1.0948192e+00   1.0241447e+00
   7.3000000e+00   1.0000000e+00   1.0850440e+00   1.0146628e+00
   7.3200000e+00   1.0000000e+00   1.0850440e+00   1.0061584e+00
   7.3400000e+00   1.0000000e+00   1.0850440e+00   9.9765396e-01
   7.3600000e+00   1.0000000e+00   1.0752688e+00   9.8914956e-01
   7.3800000e+00   1.0000000e+00   1.0703812e+00   9.8162268e-01
   7.4000000e+00   1.0000000e+00   1.0508309e+00   9.7458456e-01
   7.4200000e+00   1.0000000e+00   1.0508309e+00   9.6950147e-01
   7.4400000e+00   1.0000000e+00   1.0361681e+00   9.6441838e-01
   7.4600000e+00   1.0000000e+00   1.0361681e+00   9.6080156e-01
   7.4800000e+00   1.0000000e+00   1.0263930e+00   9.5718475e-01
   7.5000000e+00   1.0000000e+00   1.0215054e+00   9.5454545e-01
   7.5200000e+00   1.0000000e+00   1.0215054e+00   9.5239492e-01
   7.5400000e+00   1.0000000e+00   1.0117302e+00   9.5024438e-01
   7.5600000e+00   1.0000000e+00   1.0019550e+00   9.4907136e-01
   7.5800000e+00   1.0000000e+00   1.0019550e+00   9.4887586e-01
   7.6000000e+00   1.0000000e+00   9.9706745e-01   9.4868035e-01
   7.6200000e+00   1.0000000e+00   9.8240469e-01   9.4897361e-01
   7.6400000e+00   1.0000000e+00   9.7751711e-01   9.5073314e-01
   7.6600000e+00   1.0000000e+00   9.7262952e-01   9.5298143e-01
   7.6800000e+00   1.0000000e+00   9.6774194e-01   9.5571848e-01
   7.7000000e+00   1.0000000e+00   9.5796676e-01   9.5894428e-01
   7.7200000e+00   1.0000000e+00   9.5796676e-01   9.6314761e-01
   7.7400000e+00   1.0000000e+00   9.4819159e-01   9.6735093e-01
   7.7600000e+00   1.0000000e+00   9.5796676e-01   9.7253177e-01
   7.7800000e+00   1.0000000e+00   9.4330401e-01   9.7673509e-01
   7.8000000e+00   1.0000000e+00   9.3841642e-01   9.8240469e-01
   7.8200000e+00   1.0000000e+00   9.3841642e-01   9.8856305e-01
   7.8400000e+00   1.0000000e+00   9.3841642e-01   9.9472141e-01
   7.8600000e+00   1.0000000e+00   9.2864125e-01   1.0008798e+00
   7.8800000e+00   1.0000000e+00   9.2864125e-01   1.0080156e+00
   7.9000000e+00   1.0000000e+00   9.2864125e-01   1.0151515e+00
   7.9200000e+00   1.0000000e+00   9.3352884e-01   1.0222874e+00
   7.9400000e+00   1.0000000e+00   9.2864125e-01   1.0289345e+00
   7.9600000e+00   1.0000000e+00   9.2864125e-01   1.0360704e+00
   7.9800000e+00   1.0000000e+00   9.2864125e-01   1.0432063e+00
   8.0000000e+00   1.0000000e+00   9.2864125e-01   1.0503421e+00
   8.0200000e+00   1.0000000e+00   9.2864125e-01   1.0574780e+00
   8.0400000e+00   1.0000000e+00   9.2864125e-01   1.0646139e+00
   8.0600000e+00   1.0000000e+00   9.2864125e-01   1.0717498e+00
   8.0800000e+00   1.0000000e+00   9.2864125e-01   1.0788856e+00
   8.1000000e+00   1.0000000e+00   9.3841642e-01   1.0860215e+00
   8.1200000e+00   1.0000000e+00   9.2864125e-01   1.0921799e+00
   8.1400000e+00   1.0000000e+00   9.3352884e-01   1.0993157e+00
   8.1600000e+00   1.0000000e+00   9.3352884e-01   1.1059629e+00
   8.1800000e+00   1.0000000e+00   9.3841642e-01   1.1126100e+00
   8.2000000e+00   1.0000000e+00   9.3841642e-01   1.1187683e+00
   8.2200000e+00   1.0000000e+00   9.3841642e-01   1.1249267e+00
   8.2400000e+00   1.0000000e+00   9.4819159e-01   1.1310850e+00
   8.2600000e+00   1.0000000e+00   9.4330401e-01   1.1362659e+00
   8.2800000e+00   1.0000000e+00   9.5796676e-01   1.1419355e+00
   8.3000000e+00   1.0000000e+00   9.6285435e-01   1.1461388e+00
   8.3200000e+00   1.0000000e+00   9.5796676e-01   1.1498534e+00
   8.3400000e+00   1.0000000e+00   9.6285435e-01   1.1540567e+00
   8.3600000e+00   1.0000000e+00   9.6774194e-01   1.1577713e+00
   8.3800000e+00   1.0000000e+00   9.6774194e-01   1.1609971e+00
   8.4000000e+00   1.0000000e+00   9.7751711e-01   1.1642229e+00
   8.4200000e+00   1.0000000e+00   9.8240469e-01   1.1664712e+00
   8.4400000e+00   1.0000000e+00   9.8729228e-01   1.1682307e+00
   8.4600000e+00   1.0000000e+00   9.8729228e-01   1.1695015e+00
   8.4800000e+00   1.0000000e+00   9.9217986e-01   1.1707722e+00
   8.5000000e+00   1.0000000e+00   9.8729228e-01   1.1715543e+00
   8.5200000e+00   1.0000000e+00   9.8729228e-01   1.1728250e+00
   8.5400000e+00   1.0000000e+00   9.9706745e-01   1.1740958e+00
   8.5600000e+00   1.0000000e+00   1.0019550e+00   1.1743891e+00
   8.5800000e+00   1.0000000e+00   1.0117302e+00   1.1741935e+00
   8.6000000e+00   1.0000000e+00   1.0166178e+00   1.1730205e+00
   8.6200000e+00   1.0000000e+00   1.0166178e+00   1.1713587e+00
   8.6400000e+00   1.0000000e+00   1.0166178e+00   1.1696970e+00
   8.6600000e+00   1.0000000e+00   1.0166178e+00   1.1680352e+00
   8.6800000e+00   1.0000000e+00   1.0166178e+00   1.1663734e+00
   8.7000000e+00   1.0000000e+00   1.0263930e+00   1.1647116e+00
   8.7200000e+00   1.0000000e+00   1.0263930e+00   1.1620723e+00
   8.7400000e+00   1.0000000e+00   1.0312805e+00   1.1594330e+00
   8.7600000e+00   1.0000000e+00   1.0263930e+00   1.1563050e+00
   8.7800000e+00   1.0000000e+00   1.0215054e+00   1.1536657e+00
   8.8000000e+00   1.0000000e+00   1.0263930e+00   1.1515152e+00
   8.8200000e+00   1.0000000e+00   1.0215054e+00   1.1488759e+00
   8.8400000e+00   1.0000000e+00   1.0312805e+00   1.1467253e+00
   8.8600000e+00   1.0000000e+00   1.0215054e+00   1.1435973e+00
   8.8800000e+00   1.0000000e+00   1.0263930e+00   1.1414467e+00
   8.9000000e+00   1.0000000e+00   1.0263930e+00   1.1388074e+00
   8.9200000e+00   1.0000000e+00   1.0312805e+00   1.1361681e+00
   8.9400000e+00   1.0000000e+00   1.0312805e+00   1.1330401e+00
   8.9600000e+00   1.0000000e+00   1.0312805e+00   1.1299120e+00
   8.9800000e+00   1.0000000e+00   1.0361681e+00   1.1267840e+00
   9.0000000e+00   1.0000000e+00   1.0312805e+00   1.1231672e+00
   9.0200000e+00   1.0000000e+00   1.0312805e+00   1.1200391e+00
   9.0400000e+00   1.0000000e+00   1.0312805e+00   1.1169110e+00
   9.0600000e+00   1.0000000e+00   1.0361681e+00   1.1137830e+00
   9.0800000e+00   1.0000000e+00   1.0312805e+00   1.1101662e+00
   9.1000000e+00   1.0000000e+00   1.0312805e+00   1.1070381e+00
   9.1200000e+00   1.0000000e+00   1.0312805e+00   1.1039101e+00
   9.1400000e+00   1.0000000e+00   1.0312805e+00   1.1007820e+00
   9.1600000e+00   1.0000000e+00   1.0263930e+00   1.0976540e+00
   9.1800000e+00   1.0000000e+00   1.0312805e+00   1.0950147e+00
   9.2000000e+00   1.0000000e+00   1.0312805e+00   1.0918866e+00
   9.2200000e+00   1.0000000e+00   1.0215054e+00   1.0887586e+00
   9.2400000e+00   1.0000000e+00   1.0263930e+00   1.0866080e+00
   9.2600000e+00   1.0000000e+00   1.0263930e+00   1.0839687e+00
   9.2800000e+00   1.0000000e+00   1.0215054e+00   1.0813294e+00
   9.3000000e+00   1.0000000e+00   1.0215054e+00   1.0791789e+00
   9.3200000e+00   1.0000000e+00   1.0117302e+00   1.0770283e+00
   9.3400000e+00   1.0000000e+00   1.0166178e+00   1.0758553e+00
   9.3600000e+00   1.0000000e+00   1.0166178e+00   1.0741935e+00
   9.3800000e+00   1.0000000e+00   1.0215054e+00   1.0725318e+00
   9.4000000e+00   1.0000000e+00   1.0117302e+00   1.0703812e+00
   9.4200000e+00   1.0000000e+00   1.0019550e+00   1.0692082e+00
   9.4400000e+00   1.0000000e+00   1.0215054e+00   1.0690127e+00
   9.4600000e+00   1.0000000e+00   1.0117302e+00   1.0668622e+00
   9.4800000e+00   1.0000000e+00   1.0117302e+00   1.0656891e+00
   9.5000000e+00   1.0000000e+00   1.0117302e+00   1.0645161e+00
   9.5200000e+00   1.0000000e+00   1.0068426e+00   1.0633431e+00
   9.5400000e+00   1.0000000e+00   1.0068426e+00   1.0626588e+00
   9.5600000e+00   1.0000000e+00   9.9217986e-01   1.0619746e+00
   9.5800000e+00   1.0000000e+00   1.0019550e+00   1.0627566e+00
   9.6000000e+00   1.0000000e+00   1.0019550e+00   1.0625611e+00
   9.6200000e+00   1.0000000e+00   9.9706745e-01   1.0623656e+00
   9.6400000e+00   1.0000000e+00   9.9706745e-01   1.0626588e+00
   9.6600000e+00   1.0000000e+00   9.9706745e-01   1.0629521e+00
   9.6800000e+00   1.0000000e+00   1.0019550e+00   1.0632454e+00
   9.7000000e+00   1.0000000e+00   9.9706745e-01   1.0630499e+00
   9.7200000e+00   1.0000000e+00   9.9706745e-01   1.0633431e+00
   9.7400000e+00   1.0000000e+00   9.9217986e-01   1.0636364e+00
   9.7600000e+00   1.0000000e+00   9.8240469e-01   1.0644184e+00
   9.7800000e+00   1.0000000e+00   9.8240469e-01   1.0661779e+00
   9.8000000e+00   1.0000000e+00   9.8729228e-01   1.0679374e+00
   9.8200000e+00   1.0000000e+00   9.8240469e-01   1.0692082e+00
   9.8400000e+00   1.0000000e+00   9.8240469e-01   1.0709677e+00
   9.8600000e+00   1.0000000e+00   9.8240469e-01   1.0727273e+00
   9.8800000e+00   1.0000000e+00   9.8240469e-01   1.0744868e+00
   9.9000000e+00   1.0000000e+00   9.8729228e-01   1.0762463e+00
   9.9200000e+00   1.0000000e+00   9.8729228e-01   1.0775171e+00
   9.9400000e+00   1.0000000e+00   9.7751711e-01   1.0787879e+00
   9.9600000e+00   1.0000000e+00   9.8240469e-01   1.0810362e+00
   9.9800000e+00   1.0000000e+00   9.8240469e-01   1.0827957e+00
   1.0000000e+01   1.5000000e+00   9.8240469e-01   1.0845552e+00
   1.0020000e+01   1.5000000e+00   9.8240469e-01   1.1363148e+00
   1.0040000e+01   1.5000000e+00   9.8729228e-01   1.1880743e+00
   1.0060000e+01   1.5000000e+00   9.8729228e-01   1.2393451e+00
   1.0080000e+01   1.5000000e+00   9.9706745e-01   1.2906158e+00
   1.0100000e+01   1.5000000e+00   1.0019550e+00   1.3409091e+00
   1.0120000e+01   1.5000000e+00   1.0068426e+00   1.3907136e+00
   1.0140000e+01   1.5000000e+00   1.0215054e+00   1.4400293e+00
   1.0160000e+01   1.5000000e+00   1.0361681e+00   1.4878788e+00
   1.0180000e+01   1.5000000e+00   1.0508309e+00   1.5342620e+00
   1.0200000e+01   1.5000000e+00   1.0606061e+00   1.5791789e+00
   1.0220000e+01   1.5000000e+00   1.0703812e+00   1.6231183e+00
   1.0240000e+01   1.5000000e+00   1.0948192e+00   1.6660802e+00
   1.0260000e+01   1.5000000e+00   1.1143695e+00   1.7065982e+00
   1.0280000e+01   1.5000000e+00   1.1290323e+00   1.7451613e+00
   1.0300000e+01   1.5000000e+00   1.1485826e+00   1.7822581e+00
   1.0320000e+01   1.5000000e+00   1.1681329e+00   1.8173998e+00
   1.0340000e+01   1.5000000e+00   1.1925709e+00   1.8505865e+00
   1.0360000e+01   1.5000000e+00   1.2121212e+00   1.8813294e+00
   1.0380000e+01   1.5000000e+00   1.2365591e+00   1.9101173e+00
   1.0400000e+01   1.5000000e+00   1.2609971e+00   1.9364614e+00
   1.0420000e+01   1.5000000e+00   1.2756598e+00   1.9603617e+00
   1.0440000e+01   1.5000000e+00   1.3000978e+00   1.9827957e+00
   1.0460000e+01   1.5000000e+00   1.3196481e+00   2.0027859e+00
   1.0480000e+01   1.5000000e+00   1.3391984e+00   2.0208211e+00
   1.0500000e+01   1.5000000e+00   1.3636364e+00   2.0369013e+00
   1.0520000e+01   1.5000000e+00   1.3929619e+00   2.0505376e+00
   1.0540000e+01   1.5000000e+00   1.4076246e+00   2.0612414e+00
   1.0560000e+01   1.5000000e+00   1.4369501e+00   2.0704790e+00
   1.0580000e+01   1.5000000e+00   1.4565005e+00   2.0767840e+00
   1.0600000e+01   1.5000000e+00   1.4613881e+00   2.0811339e+00
   1.0620000e+01   1.5000000e+00   1.4809384e+00   2.0849951e+00
   1.0640000e+01   1.5000000e+00   1.4907136e+00   2.0869013e+00
   1.0660000e+01   1.5000000e+00   1.5004888e+00   2.0878299e+00
   1.0680000e+01   1.5000000e+00   1.5102639e+00   2.0877810e+00
   1.0700000e+01   1.5000000e+00   1.5249267e+00   2.0867546e+00
   1.0720000e+01   1.5000000e+00   1.5395894e+00   2.0842620e+00
   1.0740000e+01   1.5000000e+00   1.5493646e+00   2.0803030e+00
   1.0760000e+01   1.5000000e+00   1.5591398e+00   2.0753666e+00
   1.0780000e+01   1.5000000e+00   1.5738025e+00   2.0694526e+00
   1.0800000e+01   1.5000000e+00   1.5786901e+00   2.0620723e+00
   1.0820000e+01   1.5000000e+00   1.5884653e+00   2.0542033e+00
   1.0840000e+01   1.5000000e+00   1.5982405e+00   2.0453568e+00
   1.0860000e+01   1.5000000e+00   1.6226784e+00   2.0355327e+00
   1.0880000e+01   1.5000000e+00   1.6275660e+00   2.0232649e+00
   1.0900000e+01   1.5000000e+00   1.6373412e+00   2.0105083e+00
   1.0920000e+01   1.5000000e+00   1.6471163e+00   1.9967742e+00
   1.0940000e+01   1.5000000e+00   1.6422287e+00   1.9820626e+00
   1.0960000e+01   1.5000000e+00   1.6568915e+00   1.9678397e+00
   1.0980000e+01   1.5000000e+00   1.6617791e+00   1.9521505e+00
   1.1000000e+01   1.5000000e+00   1.6715543e+00   1.9359726e+00
   1.1020000e+01   1.5000000e+00   1.6715543e+00   1.9188172e+00
   1.1040000e+01   1.5000000e+00   1.6813294e+00   1.9016618e+00
   1.1060000e+01   1.5000000e+00   1.6813294e+00   1.8835288e+00
   1.1080000e+01   1.5000000e+00   1.6813294e+00   1.8653959e+00
   1.1100000e+01   1.5000000e+00   1.6862170e+00   1.8472630e+00
   1.1120000e+01   1.5000000e+00   1.6813294e+00   1.8286413e+00
   1.1140000e+01   1.5000000e+00   1.6813294e+00   1.8105083e+00
   1.1160000e+01   1.5000000e+00   1.6813294e+00   1.7923754e+00
   1.1180000e+01   1.5000000e+00   1.6764418e+00   1.7742424e+00
   1.1200000e+01   1.5000000e+00   1.6715543e+00   1.7565982e+00
   1.1220000e+01   1.5000000e+00   1.6715543e+00   1.7394428e+00
   1.1240000e+01   1.5000000e+00   1.6715543e+00   1.7222874e+00
   1.1260000e+01   1.5000000e+00   1.6666667e+00   1.7051320e+00
   1.1280000e+01   1.5000000e+00   1.6764418e+00   1.6884653e+00
   1.1300000e+01   1.5000000e+00   1.6715543e+00   1.6708211e+00
   1.1320000e+01   1.5000000e+00   1.6617791e+00   1.6536657e+00
   1.1340000e+01   1.5000000e+00   1.6617791e+00   1.6374878e+00
   1.1360000e+01   1.5000000e+00   1.6520039e+00   1.6213099e+00
   1.1380000e+01   1.5000000e+00   1.6520039e+00   1.6061095e+00
   1.1400000e+01   1.5000000e+00   1.6471163e+00   1.5909091e+00
   1.1420000e+01   1.5000000e+00   1.6422287e+00   1.5761975e+00
   1.1440000e+01   1.5000000e+00   1.6324536e+00   1.5619746e+00
   1.1460000e+01   1.5000000e+00   1.6324536e+00   1.5487292e+00
   1.1480000e+01   1.5000000e+00   1.6129032e+00   1.5354839e+00
   1.1500000e+01   1.5000000e+00   1.6129032e+00   1.5241935e+00
   1.1520000e+01   1.5000000e+00   1.6080156e+00   1.5129032e+00
   1.1540000e+01   1.5000000e+00   1.6031281e+00   1.5021017e+00
   1.1560000e+01   1.5000000e+00   1.5884653e+00   1.4917889e+00
   1.1580000e+01   1.5000000e+00   1.5786901e+00   1.4829423e+00
   1.1600000e+01   1.5000000e+00   1.5786901e+00   1.4750733e+00
   1.1620000e+01   1.5000000e+00   1.5786901e+00   1.4672043e+00
   1.1640000e+01   1.5000000e+00   1.5738025e+00   1.4593353e+00
   1.1660000e+01   1.5000000e+00   1.5591398e+00   1.4519550e+00
   1.1680000e+01   1.5000000e+00   1.5395894e+00   1.4460411e+00
   1.1700000e+01   1.5000000e+00   1.5347019e+00   1.4420821e+00
   1.1720000e+01   1.5000000e+00   1.5347019e+00   1.4386119e+00
   1.1740000e+01   1.5000000e+00   1.5151515e+00   1.4351417e+00
   1.1760000e+01   1.5000000e+00   1.5151515e+00   1.4336266e+00
   1.1780000e+01   1.5000000e+00   1.5053763e+00   1.4321114e+00
   1.1800000e+01   1.5000000e+00   1.4907136e+00   1.4315738e+00
   1.1820000e+01   1.5000000e+00   1.4907136e+00   1.4325024e+00
   1.1840000e+01   1.5000000e+00   1.4760508e+00   1.4334311e+00
   1.1860000e+01   1.5000000e+00   1.4613881e+00   1.4358260e+00
   1.1880000e+01   1.5000000e+00   1.4613881e+00   1.4396872e+00
   1.1900000e+01   1.5000000e+00   1.4516129e+00   1.4435484e+00
   1.1920000e+01   1.5000000e+00   1.4467253e+00   1.4483871e+00
   1.1940000e+01   1.5000000e+00   1.4467253e+00   1.4537146e+00
   1.1960000e+01   1.5000000e+00   1.4369501e+00   1.4590420e+00
   1.1980000e+01   1.5000000e+00   1.4369501e+00   1.4653470e+00
   1.2000000e+01   1.5000000e+00   1.4369501e+00   1.4716520e+00
   1.2020000e+01   1.5000000e+00   1.4320626e+00   1.4779570e+00
   1.2040000e+01   1.5000000e+00   1.4271750e+00   1.4847507e+00
   1.2060000e+01   1.5000000e+00   1.4222874e+00   1.4920332e+00
   1.2080000e+01   1.5000000e+00   1.4173998e+00   1.4998045e+00
   1.2100000e+01   1.5000000e+00   1.4222874e+00   1.5080645e+00
   1.2120000e+01   1.5000000e+00   1.4222874e+00   1.5158358e+00
   1.2140000e+01   1.5000000e+00   1.4222874e+00   1.5236070e+00
   1.2160000e+01   1.5000000e+00   1.4173998e+00   1.5313783e+00
   1.2180000e+01   1.5000000e+00   1.4222874e+00   1.5396383e+00
   1.2200000e+01   1.5000000e+00   1.4222874e+00   1.5474096e+00
   1.2220000e+01   1.5000000e+00   1.4271750e+00   1.5551808e+00
   1.2240000e+01   1.5000000e+00   1.4222874e+00   1.5624633e+00
   1.2260000e+01   1.5000000e+00   1.4173998e+00   1.5702346e+00
   1.2280000e+01   1.5000000e+00   1.4222874e+00   1.5784946e+00
   1.2300000e+01   1.5000000e+00   1.4222874e+00   1.5862659e+00
   1.2320000e+01   1.5000000e+00   1.4320626e+00   1.5940371e+00
   1.2340000e+01   1.5000000e+00   1.4271750e+00   1.6008309e+00
   1.2360000e+01   1.5000000e+00   1.4320626e+00   1.6081134e+00
   1.2380000e+01   1.5000000e+00   1.4369501e+00   1.6149071e+00
   1.2400000e+01   1.5000000e+00   1.4418377e+00   1.6212121e+00
   1.2420000e+01   1.5000000e+00   1.4418377e+00   1.6270283e+00
   1.2440000e+01   1.5000000e+00   1.4418377e+00   1.6328446e+00
   1.2460000e+01   1.5000000e+00   1.4467253e+00   1.6386608e+00
   1.2480000e+01   1.5000000e+00   1.4467253e+00   1.6439883e+00
   1.2500000e+01   1.5000000e+00   1.4467253e+00   1.6493157e+00
   1.2520000e+01   1.5000000e+00   1.4613881e+00   1.6546432e+00
   1.2540000e+01   1.5000000e+00   1.4565005e+00   1.6585044e+00
   1.2560000e+01   1.5000000e+00   1.4516129e+00   1.6628543e+00
   1.2580000e+01   1.5000000e+00   1.4613881e+00   1.6676931e+00
   1.2600000e+01   1.5000000e+00   1.4613881e+00   1.6715543e+00
   1.2620000e+01   1.5000000e+00   1.4662757e+00   1.6754154e+00
   1.2640000e+01   1.5000000e+00   1.4613881e+00   1.6787879e+00
   1.2660000e+01   1.5000000e+00   1.4613881e+00   1.6826491e+00
   1.2680000e+01   1.5000000e+00   1.4613881e+00   1.6865103e+00
   1.2700000e+01   1.5000000e+00   1.4662757e+00   1.6903715e+00
   1.2720000e+01   1.5000000e+00   1.4613881e+00   1.6937439e+00
   1.2740000e+01   1.5000000e+00   1.4565005e+00   1.6976051e+00
   1.2760000e+01   1.5000000e+00   1.4662757e+00   1.7019550e+00
   1.2780000e+01   1.5000000e+00   1.4711632e+00   1.7053275e+00
   1.2800000e+01   1.5000000e+00   1.4662757e+00   1.7082111e+00
   1.2820000e+01   1.5000000e+00   1.4662757e+00   1.7115836e+00
   1.2840000e+01   1.5000000e+00   1.4662757e+00   1.7149560e+00
   1.2860000e+01   1.5000000e+00   1.4711632e+00   1.7183284e+00
   1.2880000e+01   1.5000000e+00   1.4711632e+00   1.7212121e+00
   1.2900000e+01   1.5000000e+00   1.4760508e+00   1.7240958e+00
   1.2920000e+01   1.5000000e+00   1.4760508e+00   1.7264907e+00
   1.2940000e+01   1.5000000e+00   1.4809384e+00   1.7288856e+00
   1.2960000e+01   1.5000000e+00   1.4809384e+00   1.7307918e+00
   1.2980000e+01   1.5000000e+00   1.4760508e+00   1.7326979e+00
   1.3000000e+01   1.5000000e+00   1.4809384e+00   1.7350929e+00
   1.3020000e+01   1.5000000e+00   1.4760508e+00   1.7369990e+00
   1.3040000e+01   1.5000000e+00   1.4858260e+00   1.7393939e+00
   1.3060000e+01   1.5000000e+00   1.4858260e+00   1.7408113e+00
   1.3080000e+01   1.5000000e+00   1.4858260e+00   1.7422287e+00
   1.3100000e+01   1.5000000e+00   1.4907136e+00   1.7436461e+00
   1.3120000e+01   1.5000000e+00   1.4956012e+00   1.7445748e+00
   1.3140000e+01   1.5000000e+00   1.4907136e+00   1.7450147e+00
   1.3160000e+01   1.5000000e+00   1.4907136e+00   1.7459433e+00
   1.3180000e+01   1.5000000e+00   1.5004888e+00   1.7468719e+00
   1.3200000e+01   1.5000000e+00   1.5053763e+00   1.7468231e+00
   1.3220000e+01   1.5000000e+00   1.5004888e+00   1.7462854e+00
   1.3240000e+01   1.5000000e+00   1.5004888e+00   1.7462366e+00
   1.3260000e+01   1.5000000e+00   1.5004888e+00   1.7461877e+00
   1.3280000e+01   1.5000000e+00   1.5102639e+00   1.7461388e+00
   1.3300000e+01   1.5000000e+00   1.5053763e+00   1.7451124e+00
   1.3320000e+01   1.5000000e+00   1.5053763e+00   1.7445748e+00
   1.3340000e+01   1.5000000e+00   1.5102639e+00   1.7440371e+00
   1.3360000e+01   1.5000000e+00   1.5151515e+00   1.7430108e+00
   1.3380000e+01   1.5000000e+00   1.5053763e+00   1.7414956e+00
   1.3400000e+01   1.5000000e+00   1.5102639e+00   1.7409580e+00
   1.3420000e+01   1.5000000e+00   1.5151515e+00   1.7399316e+00
   1.3440000e+01   1.5000000e+00   1.5151515e+00   1.7384164e+00
   1.3460000e+01   1.5000000e+00   1.5151515e+00   1.7369013e+00
   1.3480000e+01   1.5000000e+00   1.5102639e+00   1.7353861e+00
   1.3500000e+01   1.5000000e+00   1.5151515e+00   1.7343597e+00
   1.3520000e+01   1.5000000e+00   1.5200391e+00   1.7328446e+00
   1.3540000e+01   1.5000000e+00   1.5200391e+00   1.7308407e+00
   1.3560000e+01   1.5000000e+00   1.5102639e+00   1.7288368e+00
   1.3580000e+01   1.5000000e+00   1.5151515e+00   1.7278104e+00
   1.3600000e+01   1.5000000e+00   1.5249267e+00   1.7262952e+00
   1.3620000e+01   1.5000000e+00   1.5151515e+00   1.7238025e+00
   1.3640000e+01   1.5000000e+00   1.5200391e+00   1.7222874e+00
   1.3660000e+01   1.5000000e+00   1.5151515e+00   1.7202835e+00
   1.3680000e+01   1.5000000e+00   1.5249267e+00   1.7187683e+00
   1.3700000e+01   1.5000000e+00   1.5200391e+00   1.7162757e+00
   1.3720000e+01   1.5000000e+00   1.5151515e+00   1.7142717e+00
   1.3740000e+01   1.5000000e+00   1.5200391e+00   1.7127566e+00
   1.3760000e+01   1.5000000e+00   1.5151515e+00   1.7107527e+00
   1.3780000e+01   1.5000000e+00   1.5151515e+00   1.7092375e+00
   1.3800000e+01   1.5000000e+00   1.5200391e+00   1.7077224e+00
   1.3820000e+01   1.5000000e+00   1.5200391e+00   1.7057185e+00
   1.3840000e+01   1.5000000e+00   1.5151515e+00   1.7037146e+00
   1.3860000e+01   1.5000000e+00   1.5102639e+00   1.7021994e+00
   1.3880000e+01   1.5000000e+00   1.5151515e+00   1.7011730e+00
   1.3900000e+01   1.5000000e+00   1.5151515e+00   1.6996579e+00
   1.3920000e+01   1.5000000e+00   1.5151515e+00   1.6981427e+00
   1.3940000e+01   1.5000000e+00   1.5102639e+00   1.6966276e+00
   1.3960000e+01   1.5000000e+00   1.5151515e+00   1.6956012e+00
   1.3980000e+01   1.5000000e+00   1.5004888e+00   1.6940860e+00
   1.4000000e+01   1.5000000e+00   1.5102639e+00   1.6940371e+00
   1.4020000e+01   1.5000000e+00   1.5102639e+00   1.6930108e+00
   1.4040000e+01   1.5000000e+00   1.5102639e+00   1.6919844e+00
   1.4060000e+01   1.5000000e+00   1.5102639e+00   1.6909580e+00
   1.4080000e+01   1.5000000e+00   1.5053763e+00   1.6899316e+00
   1.4100000e+01   1.5000000e+00   1.5151515e+00   1.6893939e+00
   1.4120000e+01   1.5000000e+00   1.5151515e+00   1.6878788e+00
   1.4140000e+01   1.5000000e+00   1.5151515e+00   1.6863636e+00
   1.4160000e+01   1.5000000e+00   1.5053763e+00   1.6848485e+00
   1.4180000e+01   1.5000000e+00   1.5102639e+00   1.6843109e+00
   1.4200000e+01   1.5000000e+00   1.5102639e+00   1.6832845e+00
   1.4220000e+01   1.5000000e+00   1.5053763e+00   1.6822581e+00
   1.4240000e+01   1.5000000e+00   1.5102639e+00   1.6817204e+00
   1.4260000e+01   1.5000000e+00   1.5102639e+00   1.6806940e+00
   1.4280000e+01   1.5000000e+00   1.4956012e+00   1.6796676e+00
   1.4300000e+01   1.5000000e+00   1.4956012e+00   1.6801075e+00
   1.4320000e+01   1.5000000e+00   1.4907136e+00   1.6805474e+00
   1.4340000e+01   1.5000000e+00   1.4907136e+00   1.6814761e+00
   1.4360000e+01   1.5000000e+00   1.4956012e+00   1.6824047e+00
   1.4380000e+01   1.5000000e+00   1.4858260e+00   1.6828446e+00
   1.4400000e+01   1.5000000e+00   1.4809384e+00   1.6842620e+00
   1.4420000e+01   1.5000000e+00   1.4858260e+00   1.6861681e+00
   1.4440000e+01   1.5000000e+00   1.4858260e+00   1.6875855e+00
   1.4460000e+01   1.5000000e+00   1.4858260e+00   1.6890029e+00
   1.4480000e+01   1.5000000e+00   1.4809384e+00   1.6904203e+00
   1.4500000e+01   1.5000000e+00   1.4760508e+00   1.6923265e+00
   1.4520000e+01   1.5000000e+00   1.4809384e+00   1.6947214e+00
   1.4540000e+01   1.5000000e+00   1.4760508e+00   1.6966276e+00
   1.4560000e+01   1.5000000e+00   1.4809384e+00   1.6990225e+00
   1.4580000e+01   1.5000000e+00   1.4760508e+00   1.7009286e+00
   1.4600000e+01   1.5000000e+00   1.4809384e+00   1.7033236e+00
   1.4620000e+01   1.5000000e+00   1.4907136e+00   1.7052297e+00
   1.4640000e+01   1.5000000e+00   1.4809384e+00   1.7061584e+00
   1.4660000e+01   1.5000000e+00   1.4858260e+00   1.7080645e+00
   1.4680000e+01   1.5000000e+00   1.4858260e+00   1.7094819e+00
   1.4700000e+01   1.5000000e+00   1.4809384e+00   1.7108993e+00
   1.4720000e+01   1.5000000e+00   1.4907136e+00   1.7128055e+00
   1.4740000e+01   1.5000000e+00   1.4858260e+00   1.7137341e+00
   1.4760000e+01   1.5000000e+00   1.4907136e+00   1.7151515e+00
   1.4780000e+01   1.5000000e+00   1.4956012e+00   1.7160802e+00
   1.4800000e+01   1.5000000e+00   1.4907136e+00   1.7165200e+00
   1.4820000e+01   1.5000000e+00   1.5004888e+00   1.7174487e+00
   1.4840000e+01   1.5000000e+00   1.4907136e+00   1.7173998e+00
   1.4860000e+01   1.5000000e+00   1.5004888e+00   1.7183284e+00
   1.4880000e+01   1.5000000e+00   1.4858260e+00   1.7182796e+00
   1.4900000e+01   1.5000000e+00   1.5004888e+00   1.7196970e+00
   1.4920000e+01   1.5000000e+00   1.5004888e+00   1.7196481e+00
   1.4940000e+01   1.5000000e+00   1.4956012e+00   1.7195992e+00
   1.4960000e+01   1.5000000e+00   1.4956012e+00   1.7200391e+00
   1.4980000e+01   1.5000000e+00   1.4956012e+00   1.7204790e+00
   1.5000000e+01   1.0000000e+00   1.5004888e+00   1.7209189e+00
   1.5020000e+01   1.0000000e+00   1.5004888e+00   1.6708700e+00
   1.5040000e+01   1.0000000e+00   1.4956012e+00   1.6208211e+00
   1.5060000e+01   1.0000000e+00   1.4907136e+00   1.5712610e+00
   1.5080000e+01   1.0000000e+00   1.5004888e+00   1.5221896e+00
   1.5100000e+01   1.0000000e+00   1.4907136e+00   1.4721408e+00
   1.5120000e+01   1.0000000e+00   1.4907136e+00   1.4230694e+00
   1.5140000e+01   1.0000000e+00   1.4809384e+00   1.3739980e+00
   1.5160000e+01   1.0000000e+00   1.4809384e+00   1.3259042e+00
   1.5180000e+01   1.0000000e+00   1.4613881e+00   1.2778104e+00
   1.5200000e+01   1.0000000e+00   1.4516129e+00   1.2316716e+00
   1.5220000e+01   1.0000000e+00   1.4467253e+00   1.1865103e+00
   1.5240000e+01   1.0000000e+00   1.4320626e+00   1.1418377e+00
   1.5260000e+01   1.0000000e+00   1.4125122e+00   1.0986315e+00
   1.5280000e+01   1.0000000e+00   1.4027370e+00   1.0573803e+00
   1.5300000e+01   1.0000000e+00   1.3880743e+00   1.0171065e+00
   1.5320000e+01   1.0000000e+00   1.3685239e+00   9.7829912e-01
   1.5340000e+01   1.0000000e+00   1.3538612e+00   9.4144673e-01
   1.5360000e+01   1.0000000e+00   1.3343109e+00   9.0606061e-01
   1.5380000e+01   1.0000000e+00   1.3196481e+00   8.7262952e-01
   1.5400000e+01   1.0000000e+00   1.3000978e+00   8.4066471e-01
   1.5420000e+01   1.0000000e+00   1.2854350e+00   8.1065494e-01
   1.5440000e+01   1.0000000e+00   1.2707722e+00   7.8211144e-01
   1.5460000e+01   1.0000000e+00   1.2365591e+00   7.5503421e-01
   1.5480000e+01   1.0000000e+00   1.2218964e+00   7.3137830e-01
   1.5500000e+01   1.0000000e+00   1.1925709e+00   7.0918866e-01
   1.5520000e+01   1.0000000e+00   1.1681329e+00   6.8993157e-01
   1.5540000e+01   1.0000000e+00   1.1436950e+00   6.7311828e-01
   1.5560000e+01   1.0000000e+00   1.1290323e+00   6.5874878e-01
   1.5580000e+01   1.0000000e+00   1.1094819e+00   6.4584555e-01
   1.5600000e+01   1.0000000e+00   1.0850440e+00   6.3489736e-01
   1.5620000e+01   1.0000000e+00   1.0606061e+00   6.2639296e-01
   1.5640000e+01   1.0000000e+00   1.0361681e+00   6.2033236e-01
   1.5660000e+01   1.0000000e+00   1.0166178e+00   6.1671554e-01
   1.5680000e+01   1.0000000e+00   9.9217986e-01   6.1505376e-01
   1.5700000e+01   1.0000000e+00   9.7262952e-01   6.1583578e-01
   1.5720000e+01   1.0000000e+00   9.4330401e-01   6.1857283e-01
   1.5740000e+01   1.0000000e+00   9.3352884e-01   6.2424242e-01
   1.5760000e+01   1.0000000e+00   9.0909091e-01   6.3088954e-01
   1.5780000e+01   1.0000000e+00   8.8465298e-01   6.3998045e-01
   1.5800000e+01   1.0000000e+00   8.6510264e-01   6.5151515e-01
   1.5820000e+01   1.0000000e+00   8.5043988e-01   6.6500489e-01
   1.5840000e+01   1.0000000e+00   8.3577713e-01   6.7996090e-01
   1.5860000e+01   1.0000000e+00   8.0645161e-01   6.9638319e-01
   1.5880000e+01   1.0000000e+00   8.0156403e-01   7.1573803e-01
   1.5900000e+01   1.0000000e+00   7.8201369e-01   7.3558162e-01
   1.5920000e+01   1.0000000e+00   7.6735093e-01   7.5738025e-01
   1.5940000e+01   1.0000000e+00   7.6246334e-01   7.8064516e-01
   1.5960000e+01   1.0000000e+00   7.5268817e-01   8.0439883e-01
   1.5980000e+01   1.0000000e+00   7.4291300e-01   8.2913001e-01
   1.6000000e+01   1.0000000e+00   7.3802542e-01   8.5483871e-01
   1.6020000e+01   1.0000000e+00   7.3313783e-01   8.8103617e-01
   1.6040000e+01   1.0000000e+00   7.2825024e-01   9.0772239e-01
   1.6060000e+01   1.0000000e+00   7.2825024e-01   9.3489736e-01
   1.6080000e+01   1.0000000e+00   7.2336266e-01   9.6207234e-01
   1.6100000e+01   1.0000000e+00   7.2336266e-01   9.8973607e-01
   1.6120000e+01   1.0000000e+00   7.2336266e-01   1.0173998e+00
   1.6140000e+01   1.0000000e+00   7.2336266e-01   1.0450635e+00
   1.6160000e+01   1.0000000e+00   7.3313783e-01   1.0727273e+00
   1.6180000e+01   1.0000000e+00   7.4291300e-01   1.0994135e+00
   1.6200000e+01   1.0000000e+00   7.4780059e-01   1.1251222e+00
   1.6220000e+01   1.0000000e+00   7.5757576e-01   1.1503421e+00
   1.6240000e+01   1.0000000e+00   7.5757576e-01   1.1745846e+00
   1.6260000e+01   1.0000000e+00   7.7712610e-01   1.1988270e+00
   1.6280000e+01   1.0000000e+00   7.7712610e-01   1.2211144e+00
   1.6300000e+01   1.0000000e+00   8.0156403e-01   1.2434018e+00
   1.6320000e+01   1.0000000e+00   8.0645161e-01   1.2632454e+00
   1.6340000e+01   1.0000000e+00   8.2600196e-01   1.2826002e+00
   1.6360000e+01   1.0000000e+00   8.4066471e-01   1.3000000e+00
   1.6380000e+01   1.0000000e+00   8.4555230e-01   1.3159335e+00
   1.6400000e+01   1.0000000e+00   8.6021505e-01   1.3313783e+00
   1.6420000e+01   1.0000000e+00   8.7487781e-01   1.3453568e+00
   1.6440000e+01   1.0000000e+00   8.9931574e-01   1.3578690e+00
   1.6460000e+01   1.0000000e+00   9.1886608e-01   1.3679374e+00
   1.6480000e+01   1.0000000e+00   9.3352884e-01   1.3760508e+00
   1.6500000e+01   1.0000000e+00   9.3841642e-01   1.3826979e+00
   1.6520000e+01   1.0000000e+00   9.5796676e-01   1.3888563e+00
   1.6540000e+01   1.0000000e+00   9.5796676e-01   1.3930596e+00
   1.6560000e+01   1.0000000e+00   9.7751711e-01   1.3972630e+00
   1.6580000e+01   1.0000000e+00   9.9706745e-01   1.3995112e+00
   1.6600000e+01   1.0000000e+00   1.0068426e+00   1.3998045e+00
   1.6620000e+01   1.0000000e+00   1.0166178e+00   1.3991202e+00
   1.6640000e+01   1.0000000e+00   1.0361681e+00   1.3974585e+00
   1.6660000e+01   1.0000000e+00   1.0459433e+00   1.3938416e+00
   1.6680000e+01   1.0000000e+00   1.0508309e+00   1.3892473e+00
   1.6700000e+01   1.0000000e+00   1.0606061e+00   1.3841642e+00
   1.6720000e+01   1.0000000e+00   1.0703812e+00   1.3781036e+00
   1.6740000e+01   1.0000000e+00   1.0801564e+00   1.3710655e+00
   1.6760000e+01   1.0000000e+00   1.0850440e+00   1.3630499e+00
   1.6780000e+01   1.0000000e+00   1.0899316e+00   1.3545455e+00
   1.6800000e+01   1.0000000e+00   1.0997067e+00   1.3455523e+00
   1.6820000e+01   1.0000000e+00   1.1045943e+00   1.3355816e+00
   1.6840000e+01   1.0000000e+00   1.1143695e+00   1.3251222e+00
   1.6860000e+01   1.0000000e+00   1.1192571e+00   1.3136852e+00
   1.6880000e+01   1.0000000e+00   1.1192571e+00   1.3017595e+00
   1.6900000e+01   1.0000000e+00   1.1241447e+00   1.2898338e+00
   1.6920000e+01   1.0000000e+00   1.1290323e+00   1.2774194e+00
   1.6940000e+01   1.0000000e+00   1.1339198e+00   1.2645161e+00
   1.6960000e+01   1.0000000e+00   1.1290323e+00   1.2511241e+00
   1.6980000e+01   1.0000000e+00   1.1290323e+00   1.2382209e+00
   1.7000000e+01   1.0000000e+00   1.1388074e+00   1.2253177e+00
   1.7020000e+01   1.0000000e+00   1.1339198e+00   1.2114370e+00
   1.7040000e+01   1.0000000e+00   1.1339198e+00   1.1980450e+00
   1.7060000e+01   1.0000000e+00   1.1388074e+00   1.1846530e+00
   1.7080000e+01   1.0000000e+00   1.1339198e+00   1.1707722e+00
   1.7100000e+01   1.0000000e+00   1.1339198e+00   1.1573803e+00
   1.7120000e+01   1.0000000e+00   1.1241447e+00   1.1439883e+00
   1.7140000e+01   1.0000000e+00   1.1339198e+00   1.1315738e+00
   1.7160000e+01   1.0000000e+00   1.1241447e+00   1.1181818e+00
   1.7180000e+01   1.0000000e+00   1.1143695e+00   1.1057674e+00
   1.7200000e+01   1.0000000e+00   1.1192571e+00   1.0943304e+00
   1.7220000e+01   1.0000000e+00   1.1143695e+00   1.0824047e+00
   1.7240000e+01   1.0000000e+00   1.1045943e+00   1.0709677e+00
   1.7260000e+01   1.0000000e+00   1.0997067e+00   1.0605083e+00
   1.7280000e+01   1.0000000e+00   1.0948192e+00   1.0505376e+00
   1.7300000e+01   1.0000000e+00   1.0997067e+00   1.0410557e+00
   1.7320000e+01   1.0000000e+00   1.0850440e+00   1.0310850e+00
   1.7340000e+01   1.0000000e+00   1.0850440e+00   1.0225806e+00
   1.7360000e+01   1.0000000e+00   1.0752688e+00   1.0140762e+00
   1.7380000e+01   1.0000000e+00   1.0654936e+00   1.0065494e+00
   1.7400000e+01   1.0000000e+00   1.0606061e+00   1.0000000e+00
   1.7420000e+01   1.0000000e+00   1.0557185e+00   9.9393939e-01
   1.7440000e+01   1.0000000e+00   1.0557185e+00   9.8836755e-01
   1.7460000e+01   1.0000000e+00   1.0459433e+00   9.8279570e-01
   1.7480000e+01   1.0000000e+00   1.0361681e+00   9.7820137e-01
   1.7500000e+01   1.0000000e+00   1.0312805e+00   9.7458456e-01
   1.7520000e+01   1.0000000e+00   1.0263930e+00   9.7145650e-01
   1.7540000e+01   1.0000000e+00   1.0166178e+00   9.6881720e-01
   1.7560000e+01   1.0000000e+00   1.0117302e+00   9.6715543e-01
   1.7580000e+01   1.0000000e+00   1.0068426e+00   9.6598240e-01
   1.7600000e+01   1.0000000e+00   9.9217986e-01   9.6529814e-01
   1.7620000e+01   1.0000000e+00   9.8729228e-01   9.6608016e-01
   1.7640000e+01   1.0000000e+00   9.8240469e-01   9.6735093e-01
   1.7660000e+01   1.0000000e+00   9.8240469e-01   9.6911046e-01
   1.7680000e+01   1.0000000e+00   9.7262952e-01   9.7086999e-01
   1.7700000e+01   1.0000000e+00   9.6774194e-01   9.7360704e-01
   1.7720000e+01   1.0000000e+00   9.6285435e-01   9.7683284e-01
   1.7740000e+01   1.0000000e+00   9.5796676e-01   9.8054741e-01
   1.7760000e+01   1.0000000e+00   9.5796676e-01   9.8475073e-01
   1.7780000e+01   1.0000000e+00   9.4819159e-01   9.8895406e-01
   1.7800000e+01   1.0000000e+00   9.4819159e-01   9.9413490e-01
   1.7820000e+01   1.0000000e+00   9.4819159e-01   9.9931574e-01
   1.7840000e+01   1.0000000e+00   9.4330401e-01   1.0044966e+00
   1.7860000e+01   1.0000000e+00   9.4330401e-01   1.0101662e+00
   1.7880000e+01   1.0000000e+00   9.3841642e-01   1.0158358e+00
   1.7900000e+01   1.0000000e+00   9.3841642e-01   1.0219941e+00
   1.7920000e+01   1.0000000e+00   9.3841642e-01   1.0281525e+00
   1.7940000e+01   1.0000000e+00   9.3841642e-01   1.0343109e+00
   1.7960000e+01   1.0000000e+00   9.3352884e-01   1.0404692e+00
   1.7980000e+01   1.0000000e+00   9.3352884e-01   1.0471163e+00
   1.8000000e+01   1.0000000e+00   9.2864125e-01   1.0537634e+00
   1.8020000e+01   1.0000000e+00   9.2864125e-01   1.0608993e+00
   1.8040000e+01   1.0000000e+00   9.3352884e-01   1.0680352e+00
   1.8060000e+01   1.0000000e+00   9.2864125e-01   1.0746823e+00
   1.8080000e+01   1.0000000e+00   9.2375367e-01   1.0818182e+00
   1.8100000e+01   1.0000000e+00   9.3841642e-01   1.0894428e+00
   1.8120000e+01   1.0000000e+00   9.2864125e-01   1.0956012e+00
   1.8140000e+01   1.0000000e+00   9.3841642e-01   1.1027370e+00
   1.8160000e+01   1.0000000e+00   9.3352884e-01   1.1088954e+00
   1.8180000e+01   1.0000000e+00   9.4330401e-01   1.1155425e+00
   1.8200000e+01   1.0000000e+00   9.4819159e-01   1.1212121e+00
   1.8220000e+01   1.0000000e+00   9.5307918e-01   1.1263930e+00
   1.8240000e+01   1.0000000e+00   9.4819159e-01   1.1310850e+00
   1.8260000e+01   1.0000000e+00   9.5307918e-01   1.1362659e+00
   1.8280000e+01   1.0000000e+00   9.5796676e-01   1.1409580e+00
   1.8300000e+01   1.0000000e+00   9.6285435e-01   1.1451613e+00
   1.8320000e+01   1.0000000e+00   9.6774194e-01   1.1488759e+00
   1.8340000e+01   1.0000000e+00   9.6774194e-01   1.1521017e+00
   1.8360000e+01   1.0000000e+00   9.6774194e-01   1.1553275e+00
   1.8380000e+01   1.0000000e+00   9.7262952e-01   1.1585533e+00
   1.8400000e+01   1.0000000e+00   9.7262952e-01   1.1612903e+00
   1.8420000e+01   1.0000000e+00   9.7262952e-01   1.1640274e+00
   1.8440000e+01   1.0000000e+00   9.8729228e-01   1.1667644e+00
   1.8460000e+01   1.0000000e+00   9.8729228e-01   1.1680352e+00
   1.8480000e+01   1.0000000e+00   9.9217986e-01   1.1693060e+00
   1.8500000e+01   1.0000000e+00   9.8729228e-01   1.1700880e+00
   1.8520000e+01   1.0000000e+00   9.9217986e-01   1.1713587e+00
   1.8540000e+01   1.0000000e+00   1.0019550e+00   1.1721408e+00
   1.8560000e+01   1.0000000e+00   1.0068426e+00   1.1719453e+00
   1.8580000e+01   1.0000000e+00   1.0068426e+00   1.1712610e+00
   1.8600000e+01   1.0000000e+00   1.0068426e+00   1.1705767e+00
   1.8620000e+01   1.0000000e+00   1.0166178e+00   1.1698925e+00
   1.8640000e+01   1.0000000e+00   1.0166178e+00   1.1682307e+00
   1.8660000e+01   1.0000000e+00   1.0117302e+00   1.1665689e+00
   1.8680000e+01   1.0000000e+00   1.0166178e+00   1.1653959e+00
   1.8700000e+01   1.0000000e+00   1.0215054e+00   1.1637341e+00
   1.8720000e+01   1.0000000e+00   1.0312805e+00   1.1615836e+00
   1.8740000e+01   1.0000000e+00   1.0215054e+00   1.1584555e+00
   1.8760000e+01   1.0000000e+00   1.0263930e+00   1.1563050e+00
   1.8780000e+01   1.0000000e+00   1.0263930e+00   1.1536657e+00
   1.8800000e+01   1.0000000e+00   1.0215054e+00   1.1510264e+00
   1.8820000e+01   1.0000000e+00   1.0312805e+00   1.1488759e+00
   1.8840000e+01   1.0000000e+00   1.0215054e+00   1.1457478e+00
   1.8860000e+01   1.0000000e+00   1.0263930e+00   1.1435973e+00
   1.8880000e+01   1.0000000e+00   1.0312805e+00   1.1409580e+00
   1.8900000e+01   1.0000000e+00   1.0263930e+00   1.1378299e+00
   1.8920000e+01   1.0000000e+00   1.0312805e+00   1.1351906e+00
   1.8940000e+01   1.0000000e+00   1.0312805e+00   1.1320626e+00
   1.8960000e+01   1.0000000e+00   1.0263930e+00   1.1289345e+00
   1.8980000e+01   1.0000000e+00   1.0263930e+00   1.1262952e+00
   1.9000000e+01   1.0000000e+00   1.0312805e+00   1.1236559e+00
   1.9020000e+01   1.0000000e+00   1.0312805e+00   1.1205279e+00
   1.9040000e+01   1.0000000e+00   1.0312805e+00   1.1173998e+00
   1.9060000e+01   1.0000000e+00   1.0263930e+00   1.1142717e+00
   1.9080000e+01   1.0000000e+00   1.0263930e+00   1.1116325e+00
   1.9100000e+01   1.0000000e+00   1.0263930e+00   1.1089932e+00
   1.9120000e+01   1.0000000e+00   1.0361681e+00   1.1063539e+00
   1.9140000e+01   1.0000000e+00   1.0312805e+00   1.1027370e+00
   1.9160000e+01   1.0000000e+00   1.0263930e+00   1.0996090e+00
   1.9180000e+01   1.0000000e+00   1.0263930e+00   1.0969697e+00
   1.9200000e+01   1.0000000e+00   1.0263930e+00   1.0943304e+00
   1.9220000e+01   1.0000000e+00   1.0166178e+00   1.0916911e+00
   1.9240000e+01   1.0000000e+00   1.0215054e+00   1.0900293e+00
   1.9260000e+01   1.0000000e+00   1.0117302e+00   1.0878788e+00
   1.9280000e+01   1.0000000e+00   1.0166178e+00   1.0867058e+00
   1.9300000e+01   1.0000000e+00   1.0068426e+00   1.0850440e+00
   1.9320000e+01   1.0000000e+00   1.0117302e+00   1.0843597e+00
   1.9340000e+01   1.0000000e+00   1.0166178e+00   1.0831867e+00
   1.9360000e+01   1.0000000e+00   1.0166178e+00   1.0815249e+00
   1.9380000e+01   1.0000000e+00   1.0117302e+00   1.0798631e+00
   1.9400000e+01   1.0000000e+00   1.0117302e+00   1.0786901e+00
   1.9420000e+01   1.0000000e+00   1.0019550e+00   1.0775171e+00
   1.9440000e+01   1.0000000e+00   1.0068426e+00   1.0773216e+00
   1.9460000e+01   1.0000000e+00   1.0117302e+00   1.0766373e+00
   1.9480000e+01   1.0000000e+00   1.0068426e+00   1.0754643e+00
   1.9500000e+01   1.0000000e+00   1.0019550e+00   1.0747801e+00
   1.9520000e+01   1.0000000e+00   1.0068426e+00   1.0745846e+00
   1.9540000e+01   1.0000000e+00   1.0068426e+00   1.0739003e+00
   1.9560000e+01   1.0000000e+00   9.9706745e-01   1.0732160e+00
   1.9580000e+01   1.0000000e+00   1.0019550e+00   1.0735093e+00
   1.9600000e+01   1.0000000e+00   9.9706745e-01   1.0733138e+00
   1.9620000e+01   1.0000000e+00   9.9706745e-01   1.0736070e+00
   1.9640000e+01   1.0000000e+00   1.0019550e+00   1.0739003e+00
   1.9660000e+01   1.0000000e+00   1.0019550e+00   1.0737048e+00
   1.9680000e+01   1.0000000e+00   9.9706745e-01   1.0735093e+00
   1.9700000e+01   1.0000000e+00   9.9706745e-01   1.0738025e+00
   1.9720000e+01   1.0000000e+00   1.0019550e+00   1.0740958e+00
   1.9740000e+01   1.0000000e+00   9.9706745e-01   1.0739003e+00
   1.9760000e+01   1.0000000e+00   1.0019550e+00   1.0741935e+00
   1.9780000e+01   1.0000000e+00   9.9706745e-01   1.0739980e+00
   1.9800000e+01   1.0000000e+00   9.9217986e-01   1.0742913e+00
   1.9820000e+01   1.0000000e+00   9.9217986e-01   1.0750733e+00
   1.9840000e+01   1.0000000e+00   9.9706745e-01   1.0758553e+00
   1.9860000e+01   1.0000000e+00   9.9217986e-01   1.0761486e+00
   1.9880000e+01   1.0000000e+00   9.8729228e-01   1.0769306e+00
   1.9900000e+01   1.0000000e+00   9.9217986e-01   1.0782014e+00
   1.9920000e+01   1.0000000e+00   9.8729228e-01   1.0789834e+00
   1.9940000e+01   1.0000000e+00   9.9217986e-01   1.0802542e+00
   1.9960000e+01   1.0000000e+00   9.8729228e-01   1.0810362e+00
   1.9980000e+01   1.0000000e+00   9.9217986e-01   1.0823069e+00
   2.0000000e+01   1.5000000e+00   9.8729228e-01   1.0830890e+00
