   0.0000000e+00   1.5000000e+00   0.0000000e+00   1.5000000e+01
   2.0000000e-02   1.5000000e+00   0.0000000e+00   1.5000000e+01
   4.0000000e-02   1.5000000e+00   1.9550342e-02   1.4804497e+01
   6.0000000e-02   1.5000000e+00   1.3196481e-01   1.3680352e+01
   8.0000000e-02   1.5000000e+00   4.0566960e-01   1.0943304e+01
   1.0000000e-01   1.5000000e+00   5.8162268e-01   9.1837732e+00
   1.2000000e-01   1.5000000e+00   8.0156403e-01   6.9843597e+00
   1.4000000e-01   1.5000000e+00   1.3147605e+00   1.8523949e+00
   1.6000000e-01   1.5000000e+00   1.4027370e+00   9.7262952e-01
   1.8000000e-01   1.5000000e+00   1.4662757e+00   3.3724340e-01
   2.0000000e-01   1.5000000e+00   1.5053763e+00  -5.3763441e-02
   2.2000000e-01   1.5000000e+00   1.4907136e+00   9.2864125e-02
   2.4000000e-01   1.5000000e+00   1.4613881e+00   3.8611926e-01
   2.6000000e-01   1.5000000e+00   1.4222874e+00   7.7712610e-01
   2.8000000e-01   1.5000000e+00   1.3880743e+00   1.1192571e+00
   3.0000000e-01   1.5000000e+00   1.3587488e+00   1.4125122e+00
   3.2000000e-01   1.5000000e+00   1.3440860e+00   1.5591398e+00
   3.4000000e-01   1.5000000e+00   1.3294233e+00   1.7057674e+00
   3.6000000e-01   1.5000000e+00   1.3294233e+00   1.7057674e+00
   3.8000000e-01   1.5000000e+00   1.3343109e+00   1.6568915e+00
   4.0000000e-01   1.5000000e+00   1.3391984e+00   1.6080156e+00
   4.2000000e-01   1.5000000e+00   1.3538612e+00   1.4613881e+00
   4.4000000e-01   1.5000000e+00   1.3831867e+00   1.1681329e+00
   4.6000000e-01   1.5000000e+00   1.3929619e+00   1.0703812e+00
   4.8000000e-01   1.5000000e+00   1.3831867e+00   1.1681329e+00
   5.0000000e-01   1.5000000e+00   1.3685239e+00   1.3147605e+00
   5.2000000e-01   1.5000000e+00   1.3587488e+00   1.4125122e+00
   5.4000000e-01   1.5000000e+00   1.3489736e+00   1.5102639e+00
   5.6000000e-01   1.5000000e+00   1.3489736e+00   1.5102639e+00
   5.8000000e-01   1.5000000e+00   1.3440860e+00   1.5591398e+00
   6.0000000e-01   1.5000000e+00   1.3538612e+00   1.4613881e+00
   6.2000000e-01   1.5000000e+00   1.3538612e+00   1.4613881e+00
   6.4000000e-01   1.5000000e+00   1.3440860e+00   1.5591398e+00
   6.6000000e-01   1.5000000e+00   1.3440860e+00   1.5591398e+00
   6.8000000e-01   1.5000000e+00   1.3587488e+00   1.4125122e+00
   7.0000000e-01   1.5000000e+00   1.3636364e+00   1.3636364e+00
   7.2000000e-01   1.5000000e+00   1.3587488e+00   1.4125122e+00
   7.4000000e-01   1.5000000e+00   1.3636364e+00   1.3636364e+00
   7.6000000e-01   1.5000000e+00   1.3734115e+00   1.2658847e+00
   7.8000000e-01   1.5000000e+00   1.3636364e+00   1.3636364e+00
   8.0000000e-01   1.5000000e+00   1.3538612e+00   1.4613881e+00
   8.2000000e-01   1.5000000e+00   1.3391984e+00   1.6080156e+00
   8.4000000e-01   1.5000000e+00   1.3440860e+00   1.5591398e+00
   8.6000000e-01   1.5000000e+00   1.3440860e+00   1.5591398e+00
   8.8000000e-01   1.5000000e+00   1.3440860e+00   1.5591398e+00
   9.0000000e-01   1.5000000e+00   1.3538612e+00   1.4613881e+00
   9.2000000e-01   1.5000000e+00   1.3489736e+00   1.5102639e+00
   9.4000000e-01   1.5000000e+00   1.3636364e+00   1.3636364e+00
   9.6000000e-01   1.5000000e+00   1.3636364e+00   1.3636364e+00
   9.8000000e-01   1.5000000e+00   1.3734115e+00   1.2658847e+00
   1.0000000e+00   1.5000000e+00   1.3587488e+00   1.4125122e+00
   1.0200000e+00   1.5000000e+00   1.3538612e+00   1.4613881e+00
   1.0400000e+00   1.5000000e+00   1.3440860e+00   1.5591398e+00
   1.0600000e+00   1.5000000e+00   1.3391984e+00   1.6080156e+00
   1.0800000e+00   1.5000000e+00   1.3391984e+00   1.6080156e+00
   1.1000000e+00   1.5000000e+00   1.3391984e+00   1.6080156e+00
   1.1200000e+00   1.5000000e+00   1.3391984e+00   1.6080156e+00
   1.1400000e+00   1.5000000e+00   1.3587488e+00   1.4125122e+00
   1.1600000e+00   1.5000000e+00   1.3587488e+00   1.4125122e+00
   1.1800000e+00   1.5000000e+00   1.3636364e+00   1.3636364e+00
   1.2000000e+00   1.5000000e+00   1.3636364e+00   1.3636364e+00
   1.2200000e+00   1.5000000e+00   1.3538612e+00   1.4613881e+00
   1.2400000e+00   1.5000000e+00   1.3538612e+00   1.4613881e+00
   1.2600000e+00   1.5000000e+00   1.3440860e+00   1.5591398e+00
   1.2800000e+00   1.5000000e+00   1.3489736e+00   1.5102639e+00
   1.3000000e+00   1.5000000e+00   1.3538612e+00   1.4613881e+00
   1.3200000e+00   1.5000000e+00   1.3636364e+00   1.3636364e+00
   1.3400000e+00   1.5000000e+00   1.3636364e+00   1.3636364e+00
   1.3600000e+00   1.5000000e+00   1.3587488e+00   1.4125122e+00
   1.3800000e+00   1.5000000e+00   1.3489736e+00   1.5102639e+00
   1.4000000e+00   1.5000000e+00   1.3440860e+00   1.5591398e+00
   1.4200000e+00   1.5000000e+00   1.3489736e+00   1.5102639e+00
   1.4400000e+00   1.5000000e+00   1.3489736e+00   1.5102639e+00
   1.4600000e+00   1.5000000e+00   1.3538612e+00   1.4613881e+00
   1.4800000e+00   1.5000000e+00   1.3538612e+00   1.4613881e+00
   1.5000000e+00   1.5000000e+00   1.3538612e+00   1.4613881e+00
   1.5200000e+00   1.5000000e+00   1.3538612e+00   1.4613881e+00
   1.5400000e+00   1.5000000e+00   1.3587488e+00   1.4125122e+00
   1.5600000e+00   1.5000000e+00   1.3587488e+00   1.4125122e+00
   1.5800000e+00   1.5000000e+00   1.3587488e+00   1.4125122e+00
   1.6000000e+00   1.5000000e+00   1.3636364e+00   1.3636364e+00
   1.6200000e+00   1.5000000e+00   1.3538612e+00   1.4613881e+00
   1.6400000e+00   1.5000000e+00   1.3440860e+00   1.5591398e+00
   1.6600000e+00   1.5000000e+00   1.3538612e+00   1.4613881e+00
   1.6800000e+00   1.5000000e+00   1.3538612e+00   1.4613881e+00
   1.7000000e+00   1.5000000e+00   1.3538612e+00   1.4613881e+00
   1.7200000e+00   1.5000000e+00   1.3538612e+00   1.4613881e+00
   1.7400000e+00   1.5000000e+00   1.3489736e+00   1.5102639e+00
   1.7600000e+00   1.5000000e+00   1.3489736e+00   1.5102639e+00
   1.7800000e+00   1.5000000e+00   1.3489736e+00   1.5102639e+00
   1.8000000e+00   1.5000000e+00   1.3538612e+00   1.4613881e+00
   1.8200000e+00   1.5000000e+00   1.3636364e+00   1.3636364e+00
   1.8400000e+00   1.5000000e+00   1.3636364e+00   1.3636364e+00
   1.8600000e+00   1.5000000e+00   1.3734115e+00   1.2658847e+00
   1.8800000e+00   1.5000000e+00   1.3636364e+00   1.3636364e+00
   1.9000000e+00   1.5000000e+00   1.3489736e+00   1.5102639e+00
   1.9200000e+00   1.5000000e+00   1.3489736e+00   1.5102639e+00
   1.9400000e+00   1.5000000e+00   1.3489736e+00   1.5102639e+00
   1.9600000e+00   1.5000000e+00   1.3489736e+00   1.5102639e+00
   1.9800000e+00   1.5000000e+00   1.3440860e+00   1.5591398e+00
   2.0000000e+00   1.0000000e+00   1.3538612e+00  -3.5386119e+00
   2.0200000e+00   1.0000000e+00   1.3538612e+00  -3.5386119e+00
   2.0400000e+00   1.0000000e+00   1.3538612e+00  -3.5386119e+00
   2.0600000e+00   1.0000000e+00   1.3147605e+00  -3.1476051e+00
   2.0800000e+00   1.0000000e+00   1.2218964e+00  -2.2189638e+00
   2.1000000e+00   1.0000000e+00   1.2023460e+00  -2.0234604e+00
   2.1200000e+00   1.0000000e+00   1.1681329e+00  -1.6813294e+00
   2.1400000e+00   1.0000000e+00   1.1339198e+00  -1.3391984e+00
   2.1600000e+00   1.0000000e+00   1.1094819e+00  -1.0948192e+00
   2.1800000e+00   1.0000000e+00   1.0752688e+00  -7.5268817e-01
   2.2000000e+00   1.0000000e+00   1.0312805e+00  -3.1280547e-01
   2.2200000e+00   1.0000000e+00   9.8729228e-01   1.2707722e-01
   2.2400000e+00   1.0000000e+00   9.3352884e-01   6.6471163e-01
   2.2600000e+00   1.0000000e+00   8.9931574e-01   1.0068426e+00
   2.2800000e+00   1.0000000e+00   8.6021505e-01   1.3978495e+00
   2.3000000e+00   1.0000000e+00   8.4555230e-01   1.5444770e+00
   2.3200000e+00   1.0000000e+00   8.4066471e-01   1.5933529e+00
   2.3400000e+00   1.0000000e+00   8.5532747e-01   1.4467253e+00
   2.3600000e+00   1.0000000e+00   8.8465298e-01   1.1534702e+00
   2.3800000e+00   1.0000000e+00   9.0909091e-01   9.0909091e-01
   2.4000000e+00   1.0000000e+00   9.2864125e-01   7.1358749e-01
   2.4200000e+00   1.0000000e+00   9.2864125e-01   7.1358749e-01
   2.4400000e+00   1.0000000e+00   9.1886608e-01   8.1133920e-01
   2.4600000e+00   1.0000000e+00   9.0909091e-01   9.0909091e-01
   2.4800000e+00   1.0000000e+00   8.9442815e-01   1.0557185e+00
   2.5000000e+00   1.0000000e+00   8.8465298e-01   1.1534702e+00
   2.5200000e+00   1.0000000e+00   8.7976540e-01   1.2023460e+00
   2.5400000e+00   1.0000000e+00   8.7976540e-01   1.2023460e+00
   2.5600000e+00   1.0000000e+00   8.8465298e-01   1.1534702e+00
   2.5800000e+00   1.0000000e+00   8.8954057e-01   1.1045943e+00
   2.6000000e+00   1.0000000e+00   8.9931574e-01   1.0068426e+00
   2.6200000e+00   1.0000000e+00   9.0420332e-01   9.5796676e-01
   2.6400000e+00   1.0000000e+00   9.1886608e-01   8.1133920e-01
   2.6600000e+00   1.0000000e+00   9.1397849e-01   8.6021505e-01
   2.6800000e+00   1.0000000e+00   9.0909091e-01   9.0909091e-01
   2.7000000e+00   1.0000000e+00   9.0420332e-01   9.5796676e-01
   2.7200000e+00   1.0000000e+00   8.9931574e-01   1.0068426e+00
   2.7400000e+00   1.0000000e+00   8.8465298e-01   1.1534702e+00
   2.7600000e+00   1.0000000e+00   8.8954057e-01   1.1045943e+00
   2.7800000e+00   1.0000000e+00   8.8954057e-01   1.1045943e+00
   2.8000000e+00   1.0000000e+00   8.9442815e-01   1.0557185e+00
   2.8200000e+00   1.0000000e+00   8.9931574e-01   1.0068426e+00
   2.8400000e+00   1.0000000e+00   8.9931574e-01   1.0068426e+00
   2.8600000e+00   1.0000000e+00   8.9442815e-01   1.0557185e+00
   2.8800000e+00   1.0000000e+00   8.9442815e-01   1.0557185e+00
   2.9000000e+00   1.0000000e+00   8.9931574e-01   1.0068426e+00
   2.9200000e+00   1.0000000e+00   8.9931574e-01   1.0068426e+00
   2.9400000e+00   1.0000000e+00   9.0420332e-01   9.5796676e-01
   2.9600000e+00   1.0000000e+00   8.9931574e-01   1.0068426e+00
   2.9800000e+00   1.0000000e+00   8.9931574e-01   1.0068426e+00
   3.0000000e+00   1.0000000e+00   8.9931574e-01   1.0068426e+00
   3.0200000e+00   1.0000000e+00   8.9442815e-01   1.0557185e+00
   3.0400000e+00   1.0000000e+00   8.9931574e-01   1.0068426e+00
   3.0600000e+00   1.0000000e+00   8.9442815e-01   1.0557185e+00
   3.0800000e+00   1.0000000e+00   8.9931574e-01   1.0068426e+00
   3.1000000e+00   1.0000000e+00   8.9931574e-01   1.0068426e+00
   3.1200000e+00   1.0000000e+00   8.9931574e-01   1.0068426e+00
   3.1400000e+00   1.0000000e+00   8.9442815e-01   1.0557185e+00
   3.1600000e+00   1.0000000e+00   8.9442815e-01   1.0557185e+00
   3.1800000e+00   1.0000000e+00   8.9442815e-01   1.0557185e+00
   3.2000000e+00   1.0000000e+00   8.9442815e-01   1.0557185e+00
   3.2200000e+00   1.0000000e+00   8.9442815e-01   1.0557185e+00
   3.2400000e+00   1.0000000e+00   8.9931574e-01   1.0068426e+00
   3.2600000e+00   1.0000000e+00   8.9931574e-01   1.0068426e+00
   3.2800000e+00   1.0000000e+00   9.0420332e-01   9.5796676e-01
   3.3000000e+00   1.0000000e+00   8.9931574e-01   1.0068426e+00
   3.3200000e+00   1.0000000e+00   8.9442815e-01   1.0557185e+00
   3.3400000e+00   1.0000000e+00   8.8954057e-01   1.1045943e+00
   3.3600000e+00   1.0000000e+00   8.9442815e-01   1.0557185e+00
   3.3800000e+00   1.0000000e+00   8.9931574e-01   1.0068426e+00
   3.4000000e+00   1.0000000e+00   9.0420332e-01   9.5796676e-01
   3.4200000e+00   1.0000000e+00   9.0420332e-01   9.5796676e-01
   3.4400000e+00   1.0000000e+00   9.0909091e-01   9.0909091e-01
   3.4600000e+00   1.0000000e+00   8.9931574e-01   1.0068426e+00
   3.4800000e+00   1.0000000e+00   8.9931574e-01   1.0068426e+00
   3.5000000e+00   1.0000000e+00   8.9442815e-01   1.0557185e+00
   3.5200000e+00   1.0000000e+00   8.9442815e-01   1.0557185e+00
   3.5400000e+00   1.0000000e+00   8.9442815e-01   1.0557185e+00
   3.5600000e+00   1.0000000e+00   8.9442815e-01   1.0557185e+00
   3.5800000e+00   1.0000000e+00   8.9931574e-01   1.0068426e+00
   3.6000000e+00   1.0000000e+00   8.9931574e-01   1.0068426e+00
   3.6200000e+00   1.0000000e+00   8.9931574e-01   1.0068426e+00
   3.6400000e+00   1.0000000e+00   8.9931574e-01   1.0068426e+00
   3.6600000e+00   1.0000000e+00   8.9931574e-01   1.0068426e+00
   3.6800000e+00   1.0000000e+00   8.9931574e-01   1.0068426e+00
   3.7000000e+00   1.0000000e+00   8.9442815e-01   1.0557185e+00
   3.7200000e+00   1.0000000e+00   8.9931574e-01   1.0068426e+00
   3.7400000e+00   1.0000000e+00   8.9442815e-01   1.0557185e+00
   3.7600000e+00   1.0000000e+00   8.9442815e-01   1.0557185e+00
   3.7800000e+00   1.0000000e+00   8.9931574e-01   1.0068426e+00
   3.8000000e+00   1.0000000e+00   8.9931574e-01   1.0068426e+00
   3.8200000e+00   1.0000000e+00   9.0420332e-01   9.5796676e-01
   3.8400000e+00   1.0000000e+00   9.0909091e-01   9.0909091e-01
   3.8600000e+00   1.0000000e+00   8.9931574e-01   1.0068426e+00
   3.8800000e+00   1.0000000e+00   8.9442815e-01   1.0557185e+00
   3.9000000e+00   1.0000000e+00   8.7976540e-01   1.2023460e+00
   3.9200000e+00   1.0000000e+00   8.8954057e-01   1.1045943e+00
   3.9400000e+00   1.0000000e+00   8.9442815e-01   1.0557185e+00
   3.9600000e+00   1.0000000e+00   8.8954057e-01   1.1045943e+00
   3.9800000e+00   1.0000000e+00   8.9442815e-01   1.0557185e+00
   4.0000000e+00   1.5000000e+00   8.9931574e-01   6.0068426e+00
   4.0200000e+00   1.5000000e+00   8.9931574e-01   6.0068426e+00
   4.0400000e+00   1.5000000e+00   9.2375367e-01   5.7624633e+00
   4.0600000e+00   1.5000000e+00   1.1045943e+00   3.9540567e+00
   4.0800000e+00   1.5000000e+00   1.2952102e+00   2.0478983e+00
   4.1000000e+00   1.5000000e+00   1.4711632e+00   2.8836755e-01
   4.1200000e+00   1.5000000e+00   1.5249267e+00  -2.4926686e-01
   4.1400000e+00   1.5000000e+00   1.5542522e+00  -5.4252199e-01
   4.1600000e+00   1.5000000e+00   1.5249267e+00  -2.4926686e-01
   4.1800000e+00   1.5000000e+00   1.4907136e+00   9.2864125e-02
   4.2000000e+00   1.5000000e+00   1.4516129e+00   4.8387097e-01
   4.2200000e+00   1.5000000e+00   1.3978495e+00   1.0215054e+00
   4.2400000e+00   1.5000000e+00   1.3538612e+00   1.4613881e+00
   4.2600000e+00   1.5000000e+00   1.3000978e+00   1.9990225e+00
   4.2800000e+00   1.5000000e+00   1.2903226e+00   2.0967742e+00
   4.3000000e+00   1.5000000e+00   1.2854350e+00   2.1456500e+00
   4.3200000e+00   1.5000000e+00   1.3343109e+00   1.6568915e+00
   4.3400000e+00   1.5000000e+00   1.3538612e+00   1.4613881e+00
   4.3600000e+00   1.5000000e+00   1.3782991e+00   1.2170088e+00
   4.3800000e+00   1.5000000e+00   1.3880743e+00   1.1192571e+00
   4.4000000e+00   1.5000000e+00   1.3929619e+00   1.0703812e+00
   4.4200000e+00   1.5000000e+00   1.3880743e+00   1.1192571e+00
   4.4400000e+00   1.5000000e+00   1.3587488e+00   1.4125122e+00
   4.4600000e+00   1.5000000e+00   1.3489736e+00   1.5102639e+00
   4.4800000e+00   1.5000000e+00   1.3391984e+00   1.6080156e+00
   4.5000000e+00   1.5000000e+00   1.3391984e+00   1.6080156e+00
   4.5200000e+00   1.5000000e+00   1.3391984e+00   1.6080156e+00
   4.5400000e+00   1.5000000e+00   1.3489736e+00   1.5102639e+00
   4.5600000e+00   1.5000000e+00   1.3538612e+00   1.4613881e+00
   4.5800000e+00   1.5000000e+00   1.3587488e+00   1.4125122e+00
   4.6000000e+00   1.5000000e+00   1.3636364e+00   1.3636364e+00
   4.6200000e+00   1.5000000e+00   1.3685239e+00   1.3147605e+00
   4.6400000e+00   1.5000000e+00   1.3734115e+00   1.2658847e+00
   4.6600000e+00   1.5000000e+00   1.3685239e+00   1.3147605e+00
   4.6800000e+00   1.5000000e+00   1.3685239e+00   1.3147605e+00
   4.7000000e+00   1.5000000e+00   1.3587488e+00   1.4125122e+00
   4.7200000e+00   1.5000000e+00   1.3440860e+00   1.5591398e+00
   4.7400000e+00   1.5000000e+00   1.3343109e+00   1.6568915e+00
   4.7600000e+00   1.5000000e+00   1.3489736e+00   1.5102639e+00
   4.7800000e+00   1.5000000e+00   1.3538612e+00   1.4613881e+00
   4.8000000e+00   1.5000000e+00   1.3587488e+00   1.4125122e+00
   4.8200000e+00   1.5000000e+00   1.3587488e+00   1.4125122e+00
   4.8400000e+00   1.5000000e+00   1.3440860e+00   1.5591398e+00
   4.8600000e+00   1.5000000e+00   1.3440860e+00   1.5591398e+00
   4.8800000e+00   1.5000000e+00   1.3489736e+00   1.5102639e+00
   4.9000000e+00   1.5000000e+00   1.3587488e+00   1.4125122e+00
   4.9200000e+00   1.5000000e+00   1.3538612e+00   1.4613881e+00
   4.9400000e+00   1.5000000e+00   1.3538612e+00   1.4613881e+00
   4.9600000e+00   1.5000000e+00   1.3538612e+00   1.4613881e+00
   4.9800000e+00   1.5000000e+00   1.3587488e+00   1.4125122e+00
   5.0000000e+00   1.5000000e+00   1.3587488e+00   1.4125122e+00
   5.0200000e+00   1.5000000e+00   1.3538612e+00   1.4613881e+00
   5.0400000e+00   1.5000000e+00   1.3685239e+00   1.3147605e+00
   5.0600000e+00   1.5000000e+00   1.3587488e+00   1.4125122e+00
   5.0800000e+00   1.5000000e+00   1.3636364e+00   1.3636364e+00
   5.1000000e+00   1.5000000e+00   1.3489736e+00   1.5102639e+00
   5.1200000e+00   1.5000000e+00   1.3489736e+00   1.5102639e+00
   5.1400000e+00   1.5000000e+00   1.3538612e+00   1.4613881e+00
   5.1600000e+00   1.5000000e+00   1.3489736e+00   1.5102639e+00
   5.1800000e+00   1.5000000e+00   1.3489736e+00   1.5102639e+00
   5.2000000e+00   1.5000000e+00   1.3538612e+00   1.4613881e+00
   5.2200000e+00   1.5000000e+00   1.3587488e+00   1.4125122e+00
   5.2400000e+00   1.5000000e+00   1.3587488e+00   1.4125122e+00
   5.2600000e+00   1.5000000e+00   1.3587488e+00   1.4125122e+00
   5.2800000e+00   1.5000000e+00   1.3538612e+00   1.4613881e+00
   5.3000000e+00   1.5000000e+00   1.3636364e+00   1.3636364e+00
   5.3200000e+00   1.5000000e+00   1.3587488e+00   1.4125122e+00
   5.3400000e+00   1.5000000e+00   1.3489736e+00   1.5102639e+00
   5.3600000e+00   1.5000000e+00   1.3489736e+00   1.5102639e+00
   5.3800000e+00   1.5000000e+00   1.3489736e+00   1.5102639e+00
   5.4000000e+00   1.5000000e+00   1.3489736e+00   1.5102639e+00
   5.4200000e+00   1.5000000e+00   1.3538612e+00   1.4613881e+00
   5.4400000e+00   1.5000000e+00   1.3587488e+00   1.4125122e+00
   5.4600000e+00   1.5000000e+00   1.3538612e+00   1.4613881e+00
   5.4800000e+00   1.5000000e+00   1.3489736e+00   1.5102639e+00
   5.5000000e+00   1.5000000e+00   1.3538612e+00   1.4613881e+00
   5.5200000e+00   1.5000000e+00   1.3489736e+00   1.5102639e+00
   5.5400000e+00   1.5000000e+00   1.3538612e+00   1.4613881e+00
   5.5600000e+00   1.5000000e+00   1.3587488e+00   1.4125122e+00
   5.5800000e+00   1.5000000e+00   1.3538612e+00   1.4613881e+00
   5.6000000e+00   1.5000000e+00   1.3538612e+00   1.4613881e+00
   5.6200000e+00   1.5000000e+00   1.3489736e+00   1.5102639e+00
   5.6400000e+00   1.5000000e+00   1.3440860e+00   1.5591398e+00
   5.6600000e+00   1.5000000e+00   1.3538612e+00   1.4613881e+00
   5.6800000e+00   1.5000000e+00   1.3489736e+00   1.5102639e+00
   5.7000000e+00   1.5000000e+00   1.3489736e+00   1.5102639e+00
   5.7200000e+00   1.5000000e+00   1.3489736e+00   1.5102639e+00
   5.7400000e+00   1.5000000e+00   1.3538612e+00   1.4613881e+00
   5.7600000e+00   1.5000000e+00   1.3538612e+00   1.4613881e+00
   5.7800000e+00   1.5000000e+00   1.3538612e+00   1.4613881e+00
   5.8000000e+00   1.5000000e+00   1.3636364e+00   1.3636364e+00
   5.8200000e+00   1.5000000e+00   1.3587488e+00   1.4125122e+00
   5.8400000e+00   1.5000000e+00   1.3587488e+00   1.4125122e+00
   5.8600000e+00   1.5000000e+00   1.3343109e+00   1.6568915e+00
   5.8800000e+00   1.5000000e+00   1.3440860e+00   1.5591398e+00
   5.9000000e+00   1.5000000e+00   1.3440860e+00   1.5591398e+00
   5.9200000e+00   1.5000000e+00   1.3538612e+00   1.4613881e+00
   5.9400000e+00   1.5000000e+00   1.3489736e+00   1.5102639e+00
   5.9600000e+00   1.5000000e+00   1.3440860e+00   1.5591398e+00
   5.9800000e+00   1.5000000e+00   1.3538612e+00   1.4613881e+00
   6.0000000e+00   1.0000000e+00   1.3587488e+00  -3.5874878e+00
   6.0200000e+00   1.0000000e+00   1.3538612e+00  -3.5386119e+00
   6.0400000e+00   1.0000000e+00   1.3587488e+00  -3.5874878e+00
   6.0600000e+00   1.0000000e+00   1.3343109e+00  -3.3431085e+00
   6.0800000e+00   1.0000000e+00   1.2903226e+00  -2.9032258e+00
   6.1000000e+00   1.0000000e+00   1.2414467e+00  -2.4144673e+00
   6.1200000e+00   1.0000000e+00   1.2121212e+00  -2.1212121e+00
   6.1400000e+00   1.0000000e+00   1.1681329e+00  -1.6813294e+00
   6.1600000e+00   1.0000000e+00   1.0801564e+00  -8.0156403e-01
   6.1800000e+00   1.0000000e+00   1.0557185e+00  -5.5718475e-01
   6.2000000e+00   1.0000000e+00   1.0166178e+00  -1.6617791e-01
   6.2200000e+00   1.0000000e+00   9.7262952e-01   2.7370479e-01
   6.2400000e+00   1.0000000e+00   9.4330401e-01   5.6695992e-01
   6.2600000e+00   1.0000000e+00   9.0420332e-01   9.5796676e-01
   6.2800000e+00   1.0000000e+00   8.5043988e-01   1.4956012e+00
   6.3000000e+00   1.0000000e+00   8.3088954e-01   1.6911046e+00
   6.3200000e+00   1.0000000e+00   8.2600196e-01   1.7399804e+00
   6.3400000e+00   1.0000000e+00   8.4066471e-01   1.5933529e+00
   6.3600000e+00   1.0000000e+00   8.6999022e-01   1.3000978e+00
   6.3800000e+00   1.0000000e+00   9.0909091e-01   9.0909091e-01
   6.4000000e+00   1.0000000e+00   9.2864125e-01   7.1358749e-01
   6.4200000e+00   1.0000000e+00   9.4330401e-01   5.6695992e-01
   6.4400000e+00   1.0000000e+00   9.3352884e-01   6.6471163e-01
   6.4600000e+00   1.0000000e+00   9.2864125e-01   7.1358749e-01
   6.4800000e+00   1.0000000e+00   9.1397849e-01   8.6021505e-01
   6.5000000e+00   1.0000000e+00   8.9931574e-01   1.0068426e+00
   6.5200000e+00   1.0000000e+00   8.8465298e-01   1.1534702e+00
   6.5400000e+00   1.0000000e+00   8.7487781e-01   1.2512219e+00
   6.5600000e+00   1.0000000e+00   8.7487781e-01   1.2512219e+00
   6.5800000e+00   1.0000000e+00   8.7976540e-01   1.2023460e+00
   6.6000000e+00   1.0000000e+00   8.8465298e-01   1.1534702e+00
   6.6200000e+00   1.0000000e+00   9.0420332e-01   9.5796676e-01
   6.6400000e+00   1.0000000e+00   9.0909091e-01   9.0909091e-01
   6.6600000e+00   1.0000000e+00   9.0909091e-01   9.0909091e-01
   6.6800000e+00   1.0000000e+00   9.0909091e-01   9.0909091e-01
   6.7000000e+00   1.0000000e+00   8.8954057e-01   1.1045943e+00
   6.7200000e+00   1.0000000e+00   8.8954057e-01   1.1045943e+00
   6.7400000e+00   1.0000000e+00   8.8954057e-01   1.1045943e+00
   6.7600000e+00   1.0000000e+00   8.8465298e-01   1.1534702e+00
   6.7800000e+00   1.0000000e+00   8.9442815e-01   1.0557185e+00
   6.8000000e+00   1.0000000e+00   9.0420332e-01   9.5796676e-01
   6.8200000e+00   1.0000000e+00   9.0420332e-01   9.5796676e-01
   6.8400000e+00   1.0000000e+00   9.0420332e-01   9.5796676e-01
   6.8600000e+00   1.0000000e+00   9.0420332e-01   9.5796676e-01
   6.8800000e+00   1.0000000e+00   8.9931574e-01   1.0068426e+00
   6.9000000e+00   1.0000000e+00   8.9931574e-01   1.0068426e+00
   6.9200000e+00   1.0000000e+00   8.9442815e-01   1.0557185e+00
   6.9400000e+00   1.0000000e+00   8.8954057e-01   1.1045943e+00
   6.9600000e+00   1.0000000e+00   8.8954057e-01   1.1045943e+00
   6.9800000e+00   1.0000000e+00   8.8465298e-01   1.1534702e+00
   7.0000000e+00   1.0000000e+00   8.9442815e-01   1.0557185e+00
   7.0200000e+00   1.0000000e+00   8.9442815e-01   1.0557185e+00
   7.0400000e+00   1.0000000e+00   8.9931574e-01   1.0068426e+00
   7.0600000e+00   1.0000000e+00   9.0420332e-01   9.5796676e-01
   7.0800000e+00   1.0000000e+00   9.0420332e-01   9.5796676e-01
   7.1000000e+00   1.0000000e+00   8.9931574e-01   1.0068426e+00
   7.1200000e+00   1.0000000e+00   9.0420332e-01   9.5796676e-01
   7.1400000e+00   1.0000000e+00   8.9931574e-01   1.0068426e+00
   7.1600000e+00   1.0000000e+00   8.9442815e-01   1.0557185e+00
   7.1800000e+00   1.0000000e+00   8.8954057e-01   1.1045943e+00
   7.2000000e+00   1.0000000e+00   8.8465298e-01   1.1534702e+00
   7.2200000e+00   1.0000000e+00   8.9442815e-01   1.0557185e+00
   7.2400000e+00   1.0000000e+00   8.9931574e-01   1.0068426e+00
   7.2600000e+00   1.0000000e+00   9.0420332e-01   9.5796676e-01
   7.2800000e+00   1.0000000e+00   9.0909091e-01   9.0909091e-01
   7.3000000e+00   1.0000000e+00   8.9931574e-01   1.0068426e+00
   7.3200000e+00   1.0000000e+00   8.8954057e-01   1.1045943e+00
   7.3400000e+00   1.0000000e+00   8.8954057e-01   1.1045943e+00
   7.3600000e+00   1.0000000e+00   8.8954057e-01   1.1045943e+00
   7.3800000e+00   1.0000000e+00   8.9442815e-01   1.0557185e+00
   7.4000000e+00   1.0000000e+00   8.9442815e-01   1.0557185e+00
   7.4200000e+00   1.0000000e+00   8.9931574e-01   1.0068426e+00
   7.4400000e+00   1.0000000e+00   8.9442815e-01   1.0557185e+00
   7.4600000e+00   1.0000000e+00   8.9931574e-01   1.0068426e+00
   7.4800000e+00   1.0000000e+00   8.9442815e-01   1.0557185e+00
   7.5000000e+00   1.0000000e+00   8.9931574e-01   1.0068426e+00
   7.5200000e+00   1.0000000e+00   8.9931574e-01   1.0068426e+00
   7.5400000e+00   1.0000000e+00   8.9931574e-01   1.0068426e+00
   7.5600000e+00   1.0000000e+00   9.0420332e-01   9.5796676e-01
   7.5800000e+00   1.0000000e+00   8.9931574e-01   1.0068426e+00
   7.6000000e+00   1.0000000e+00   8.8954057e-01   1.1045943e+00
   7.6200000e+00   1.0000000e+00   8.8954057e-01   1.1045943e+00
   7.6400000e+00   1.0000000e+00   8.9442815e-01   1.0557185e+00
   7.6600000e+00   1.0000000e+00   8.9442815e-01   1.0557185e+00
   7.6800000e+00   1.0000000e+00   8.9931574e-01   1.0068426e+00
   7.7000000e+00   1.0000000e+00   8.9931574e-01   1.0068426e+00
   7.7200000e+00   1.0000000e+00   9.0420332e-01   9.5796676e-01
   7.7400000e+00   1.0000000e+00   9.0909091e-01   9.0909091e-01
   7.7600000e+00   1.0000000e+00   8.9931574e-01   1.0068426e+00
   7.7800000e+00   1.0000000e+00   8.9442815e-01   1.0557185e+00
   7.8000000e+00   1.0000000e+00   8.9442815e-01   1.0557185e+00
   7.8200000e+00   1.0000000e+00   8.9931574e-01   1.0068426e+00
   7.8400000e+00   1.0000000e+00   8.8954057e-01   1.1045943e+00
   7.8600000e+00   1.0000000e+00   8.9442815e-01   1.0557185e+00
   7.8800000e+00   1.0000000e+00   8.8954057e-01   1.1045943e+00
   7.9000000e+00   1.0000000e+00   8.9442815e-01   1.0557185e+00
   7.9200000e+00   1.0000000e+00   8.9931574e-01   1.0068426e+00
   7.9400000e+00   1.0000000e+00   8.9931574e-01   1.0068426e+00
   7.9600000e+00   1.0000000e+00   8.9931574e-01   1.0068426e+00
   7.9800000e+00   1.0000000e+00   8.9931574e-01   1.0068426e+00
   8.0000000e+00   1.5000000e+00   8.9442815e-01   6.0557185e+00
   8.0200000e+00   1.5000000e+00   8.9442815e-01   6.0557185e+00
   8.0400000e+00   1.5000000e+00   9.6285435e-01   5.3714565e+00
   8.0600000e+00   1.5000000e+00   1.3098729e+00   1.9012708e+00
   8.0800000e+00   1.5000000e+00   1.4173998e+00   8.2600196e-01
   8.1000000e+00   1.5000000e+00   1.5004888e+00  -4.8875855e-03
   8.1200000e+00   1.5000000e+00   1.5249267e+00  -2.4926686e-01
   8.1400000e+00   1.5000000e+00   1.4956012e+00   4.3988270e-02
   8.1600000e+00   1.5000000e+00   1.4613881e+00   3.8611926e-01
   8.1800000e+00   1.5000000e+00   1.4125122e+00   8.7487781e-01
   8.2000000e+00   1.5000000e+00   1.3782991e+00   1.2170088e+00
   8.2200000e+00   1.5000000e+00   1.3489736e+00   1.5102639e+00
   8.2400000e+00   1.5000000e+00   1.3294233e+00   1.7057674e+00
   8.2600000e+00   1.5000000e+00   1.3196481e+00   1.8035191e+00
   8.2800000e+00   1.5000000e+00   1.3245357e+00   1.7546432e+00
   8.3000000e+00   1.5000000e+00   1.3245357e+00   1.7546432e+00
   8.3200000e+00   1.5000000e+00   1.3440860e+00   1.5591398e+00
   8.3400000e+00   1.5000000e+00   1.3587488e+00   1.4125122e+00
   8.3600000e+00   1.5000000e+00   1.3636364e+00   1.3636364e+00
   8.3800000e+00   1.5000000e+00   1.3636364e+00   1.3636364e+00
   8.4000000e+00   1.5000000e+00   1.3734115e+00   1.2658847e+00
   8.4200000e+00   1.5000000e+00   1.3782991e+00   1.2170088e+00
   8.4400000e+00   1.5000000e+00   1.3734115e+00   1.2658847e+00
   8.4600000e+00   1.5000000e+00   1.3782991e+00   1.2170088e+00
   8.4800000e+00   1.5000000e+00   1.3685239e+00   1.3147605e+00
   8.5000000e+00   1.5000000e+00   1.3587488e+00   1.4125122e+00
   8.5200000e+00   1.5000000e+00   1.3489736e+00   1.5102639e+00
   8.5400000e+00   1.5000000e+00   1.3489736e+00   1.5102639e+00
   8.5600000e+00   1.5000000e+00   1.3343109e+00   1.6568915e+00
   8.5800000e+00   1.5000000e+00   1.3440860e+00   1.5591398e+00
   8.6000000e+00   1.5000000e+00   1.3440860e+00   1.5591398e+00
   8.6200000e+00   1.5000000e+00   1.3587488e+00   1.4125122e+00
   8.6400000e+00   1.5000000e+00   1.3587488e+00   1.4125122e+00
   8.6600000e+00   1.5000000e+00   1.3489736e+00   1.5102639e+00
   8.6800000e+00   1.5000000e+00   1.3489736e+00   1.5102639e+00
   8.7000000e+00   1.5000000e+00   1.3538612e+00   1.4613881e+00
   8.7200000e+00   1.5000000e+00   1.3538612e+00   1.4613881e+00
   8.7400000e+00   1.5000000e+00   1.3538612e+00   1.4613881e+00
   8.7600000e+00   1.5000000e+00   1.3489736e+00   1.5102639e+00
   8.7800000e+00   1.5000000e+00   1.3489736e+00   1.5102639e+00
   8.8000000e+00   1.5000000e+00   1.3489736e+00   1.5102639e+00
   8.8200000e+00   1.5000000e+00   1.3489736e+00   1.5102639e+00
   8.8400000e+00   1.5000000e+00   1.3489736e+00   1.5102639e+00
   8.8600000e+00   1.5000000e+00   1.3587488e+00   1.4125122e+00
   8.8800000e+00   1.5000000e+00   1.3587488e+00   1.4125122e+00
   8.9000000e+00   1.5000000e+00   1.3538612e+00   1.4613881e+00
   8.9200000e+00   1.5000000e+00   1.3489736e+00   1.5102639e+00
   8.9400000e+00   1.5000000e+00   1.3538612e+00   1.4613881e+00
   8.9600000e+00   1.5000000e+00   1.3489736e+00   1.5102639e+00
   8.9800000e+00   1.5000000e+00   1.3587488e+00   1.4125122e+00
   9.0000000e+00   1.5000000e+00   1.3587488e+00   1.4125122e+00
   9.0200000e+00   1.5000000e+00   1.3587488e+00   1.4125122e+00
   9.0400000e+00   1.5000000e+00   1.3538612e+00   1.4613881e+00
   9.0600000e+00   1.5000000e+00   1.3489736e+00   1.5102639e+00
   9.0800000e+00   1.5000000e+00   1.3489736e+00   1.5102639e+00
   9.1000000e+00   1.5000000e+00   1.3440860e+00   1.5591398e+00
   9.1200000e+00   1.5000000e+00   1.3489736e+00   1.5102639e+00
   9.1400000e+00   1.5000000e+00   1.3489736e+00   1.5102639e+00
   9.1600000e+00   1.5000000e+00   1.3489736e+00   1.5102639e+00
   9.1800000e+00   1.5000000e+00   1.3489736e+00   1.5102639e+00
   9.2000000e+00   1.5000000e+00   1.3538612e+00   1.4613881e+00
   9.2200000e+00   1.5000000e+00   1.3538612e+00   1.4613881e+00
   9.2400000e+00   1.5000000e+00   1.3489736e+00   1.5102639e+00
   9.2600000e+00   1.5000000e+00   1.3489736e+00   1.5102639e+00
   9.2800000e+00   1.5000000e+00   1.3587488e+00   1.4125122e+00
   9.3000000e+00   1.5000000e+00   1.3538612e+00   1.4613881e+00
   9.3200000e+00   1.5000000e+00   1.3489736e+00   1.5102639e+00
   9.3400000e+00   1.5000000e+00   1.3440860e+00   1.5591398e+00
   9.3600000e+00   1.5000000e+00   1.3440860e+00   1.5591398e+00
   9.3800000e+00   1.5000000e+00   1.3489736e+00   1.5102639e+00
   9.4000000e+00   1.5000000e+00   1.3489736e+00   1.5102639e+00
   9.4200000e+00   1.5000000e+00   1.3538612e+00   1.4613881e+00
   9.4400000e+00   1.5000000e+00   1.3587488e+00   1.4125122e+00
   9.4600000e+00   1.5000000e+00   1.3538612e+00   1.4613881e+00
   9.4800000e+00   1.5000000e+00   1.3489736e+00   1.5102639e+00
   9.5000000e+00   1.5000000e+00   1.3489736e+00   1.5102639e+00
   9.5200000e+00   1.5000000e+00   1.3538612e+00   1.4613881e+00
   9.5400000e+00   1.5000000e+00   1.3440860e+00   1.5591398e+00
   9.5600000e+00   1.5000000e+00   1.3343109e+00   1.6568915e+00
   9.5800000e+00   1.5000000e+00   1.3440860e+00   1.5591398e+00
   9.6000000e+00   1.5000000e+00   1.3489736e+00   1.5102639e+00
   9.6200000e+00   1.5000000e+00   1.3538612e+00   1.4613881e+00
   9.6400000e+00   1.5000000e+00   1.3538612e+00   1.4613881e+00
   9.6600000e+00   1.5000000e+00   1.3538612e+00   1.4613881e+00
   9.6800000e+00   1.5000000e+00   1.3538612e+00   1.4613881e+00
   9.7000000e+00   1.5000000e+00   1.3538612e+00   1.4613881e+00
   9.7200000e+00   1.5000000e+00   1.3587488e+00   1.4125122e+00
   9.7400000e+00   1.5000000e+00   1.3587488e+00   1.4125122e+00
   9.7600000e+00   1.5000000e+00   1.3489736e+00   1.5102639e+00
   9.7800000e+00   1.5000000e+00   1.3440860e+00   1.5591398e+00
   9.8000000e+00   1.5000000e+00   1.3440860e+00   1.5591398e+00
   9.8200000e+00   1.5000000e+00   1.3538612e+00   1.4613881e+00
   9.8400000e+00   1.5000000e+00   1.3587488e+00   1.4125122e+00
   9.8600000e+00   1.5000000e+00   1.3538612e+00   1.4613881e+00
   9.8800000e+00   1.5000000e+00   1.3587488e+00   1.4125122e+00
   9.9000000e+00   1.5000000e+00   1.3587488e+00   1.4125122e+00
   9.9200000e+00   1.5000000e+00   1.3440860e+00   1.5591398e+00
   9.9400000e+00   1.5000000e+00   1.3489736e+00   1.5102639e+00
   9.9600000e+00   1.5000000e+00   1.3489736e+00   1.5102639e+00
   9.9800000e+00   1.5000000e+00   1.3538612e+00   1.4613881e+00
   1.0000000e+01   1.0000000e+00   1.3489736e+00  -3.4897361e+00
