   0.0000000e+00   1.5000000e+00   0.0000000e+00   3.0000000e+00
   2.0000000e-02   1.5000000e+00   0.0000000e+00   3.0000000e+00
   4.0000000e-02   1.5000000e+00   0.0000000e+00   3.0000000e+00
   6.0000000e-02   1.5000000e+00   8.7976540e-02   2.8240469e+00
   8.0000000e-02   1.5000000e+00   2.4926686e-01   2.5014663e+00
   1.0000000e-01   1.5000000e+00   3.9589443e-01   2.2082111e+00
   1.2000000e-01   1.5000000e+00   4.9853372e-01   2.0029326e+00
   1.4000000e-01   1.5000000e+00   6.0606061e-01   1.7878788e+00
   1.6000000e-01   1.5000000e+00   6.8914956e-01   1.6217009e+00
   1.8000000e-01   1.5000000e+00   7.3802542e-01   1.5239492e+00
   2.0000000e-01   1.5000000e+00   7.8201369e-01   1.4359726e+00
   2.2000000e-01   1.5000000e+00   8.5043988e-01   1.2991202e+00
   2.4000000e-01   1.5000000e+00   8.7976540e-01   1.2404692e+00
   2.6000000e-01   1.5000000e+00   8.8465298e-01   1.2306940e+00
   2.8000000e-01   1.5000000e+00   8.9931574e-01   1.2013685e+00
   3.0000000e-01   1.5000000e+00   9.0909091e-01   1.1818182e+00
   3.2000000e-01   1.5000000e+00   9.1886608e-01   1.1622678e+00
   3.4000000e-01   1.5000000e+00   9.2864125e-01   1.1427175e+00
   3.6000000e-01   1.5000000e+00   9.2864125e-01   1.1427175e+00
   3.8000000e-01   1.5000000e+00   9.4330401e-01   1.1133920e+00
   4.0000000e-01   1.5000000e+00   9.4330401e-01   1.1133920e+00
   4.2000000e-01   1.5000000e+00   9.4330401e-01   1.1133920e+00
   4.4000000e-01   1.5000000e+00   9.4819159e-01   1.1036168e+00
   4.6000000e-01   1.5000000e+00   9.5307918e-01   1.0938416e+00
   4.8000000e-01   1.5000000e+00   9.7262952e-01   1.0547410e+00
   5.0000000e-01   1.5000000e+00   9.6285435e-01   1.0742913e+00
   5.2000000e-01   1.5000000e+00   9.6774194e-01   1.0645161e+00
   5.4000000e-01   1.5000000e+00   9.6774194e-01   1.0645161e+00
   5.6000000e-01   1.5000000e+00   9.6774194e-01   1.0645161e+00
   5.8000000e-01   1.5000000e+00   9.6285435e-01   1.0742913e+00
   6.0000000e-01   1.5000000e+00   9.6285435e-01   1.0742913e+00
   6.2000000e-01   1.5000000e+00   9.6774194e-01   1.0645161e+00
   6.4000000e-01   1.5000000e+00   9.7262952e-01   1.0547410e+00
   6.6000000e-01   1.5000000e+00   9.6774194e-01   1.0645161e+00
   6.8000000e-01   1.5000000e+00   9.6774194e-01   1.0645161e+00
   7.0000000e-01   1.5000000e+00   9.6285435e-01   1.0742913e+00
   7.2000000e-01   1.5000000e+00   9.6774194e-01   1.0645161e+00
   7.4000000e-01   1.5000000e+00   9.6774194e-01   1.0645161e+00
   7.6000000e-01   1.5000000e+00   9.6285435e-01   1.0742913e+00
   7.8000000e-01   1.5000000e+00   9.6285435e-01   1.0742913e+00
   8.0000000e-01   1.5000000e+00   9.7262952e-01   1.0547410e+00
   8.2000000e-01   1.5000000e+00   9.6285435e-01   1.0742913e+00
   8.4000000e-01   1.5000000e+00   9.6774194e-01   1.0645161e+00
   8.6000000e-01   1.5000000e+00   9.7262952e-01   1.0547410e+00
   8.8000000e-01   1.5000000e+00   9.7262952e-01   1.0547410e+00
   9.0000000e-01   1.5000000e+00   9.7262952e-01   1.0547410e+00
   9.2000000e-01   1.5000000e+00   9.6774194e-01   1.0645161e+00
   9.4000000e-01   1.5000000e+00   9.7262952e-01   1.0547410e+00
   9.6000000e-01   1.5000000e+00   9.7262952e-01   1.0547410e+00
   9.8000000e-01   1.5000000e+00   9.7262952e-01   1.0547410e+00
   1.0000000e+00   1.5000000e+00   9.7262952e-01   1.0547410e+00
   1.0200000e+00   1.5000000e+00   9.6774194e-01   1.0645161e+00
   1.0400000e+00   1.5000000e+00   9.7262952e-01   1.0547410e+00
   1.0600000e+00   1.5000000e+00   9.7262952e-01   1.0547410e+00
   1.0800000e+00   1.5000000e+00   9.7262952e-01   1.0547410e+00
   1.1000000e+00   1.5000000e+00   9.7262952e-01   1.0547410e+00
   1.1200000e+00   1.5000000e+00   9.7262952e-01   1.0547410e+00
   1.1400000e+00   1.5000000e+00   9.7262952e-01   1.0547410e+00
   1.1600000e+00   1.5000000e+00   9.7751711e-01   1.0449658e+00
   1.1800000e+00   1.5000000e+00   9.6774194e-01   1.0645161e+00
   1.2000000e+00   1.5000000e+00   9.6774194e-01   1.0645161e+00
   1.2200000e+00   1.5000000e+00   9.7262952e-01   1.0547410e+00
   1.2400000e+00   1.5000000e+00   9.7262952e-01   1.0547410e+00
   1.2600000e+00   1.5000000e+00   9.6774194e-01   1.0645161e+00
   1.2800000e+00   1.5000000e+00   9.6774194e-01   1.0645161e+00
   1.3000000e+00   1.5000000e+00   9.6774194e-01   1.0645161e+00
   1.3200000e+00   1.5000000e+00   9.7751711e-01   1.0449658e+00
   1.3400000e+00   1.5000000e+00   9.6774194e-01   1.0645161e+00
   1.3600000e+00   1.5000000e+00   9.6774194e-01   1.0645161e+00
   1.3800000e+00   1.5000000e+00   9.7262952e-01   1.0547410e+00
   1.4000000e+00   1.5000000e+00   9.6774194e-01   1.0645161e+00
   1.4200000e+00   1.5000000e+00   9.6285435e-01   1.0742913e+00
   1.4400000e+00   1.5000000e+00   9.7262952e-01   1.0547410e+00
   1.4600000e+00   1.5000000e+00   9.6774194e-01   1.0645161e+00
   1.4800000e+00   1.5000000e+00   9.7262952e-01   1.0547410e+00
   1.5000000e+00   1.5000000e+00   9.6774194e-01   1.0645161e+00
   1.5200000e+00   1.5000000e+00   9.6774194e-01   1.0645161e+00
   1.5400000e+00   1.5000000e+00   9.7751711e-01   1.0449658e+00
   1.5600000e+00   1.5000000e+00   9.7262952e-01   1.0547410e+00
   1.5800000e+00   1.5000000e+00   9.6774194e-01   1.0645161e+00
   1.6000000e+00   1.5000000e+00   9.6774194e-01   1.0645161e+00
   1.6200000e+00   1.5000000e+00   9.6774194e-01   1.0645161e+00
   1.6400000e+00   1.5000000e+00   9.7262952e-01   1.0547410e+00
   1.6600000e+00   1.5000000e+00   9.7262952e-01   1.0547410e+00
   1.6800000e+00   1.5000000e+00   9.6774194e-01   1.0645161e+00
   1.7000000e+00   1.5000000e+00   9.7262952e-01   1.0547410e+00
   1.7200000e+00   1.5000000e+00   9.6774194e-01   1.0645161e+00
   1.7400000e+00   1.5000000e+00   9.7262952e-01   1.0547410e+00
   1.7600000e+00   1.5000000e+00   9.6774194e-01   1.0645161e+00
   1.7800000e+00   1.5000000e+00   9.7262952e-01   1.0547410e+00
   1.8000000e+00   1.5000000e+00   9.6774194e-01   1.0645161e+00
   1.8200000e+00   1.5000000e+00   9.7262952e-01   1.0547410e+00
   1.8400000e+00   1.5000000e+00   9.7262952e-01   1.0547410e+00
   1.8600000e+00   1.5000000e+00   9.7262952e-01   1.0547410e+00
   1.8800000e+00   1.5000000e+00   9.7751711e-01   1.0449658e+00
   1.9000000e+00   1.5000000e+00   9.7262952e-01   1.0547410e+00
   1.9200000e+00   1.5000000e+00   9.6774194e-01   1.0645161e+00
   1.9400000e+00   1.5000000e+00   9.7751711e-01   1.0449658e+00
   1.9600000e+00   1.5000000e+00   9.6774194e-01   1.0645161e+00
   1.9800000e+00   1.5000000e+00   9.8240469e-01   1.0351906e+00
   2.0000000e+00   1.0000000e+00   9.6774194e-01   6.4516129e-02
   2.0200000e+00   1.0000000e+00   9.7751711e-01   4.4965787e-02
   2.0400000e+00   1.0000000e+00   9.5307918e-01   9.3841642e-02
   2.0600000e+00   1.0000000e+00   9.3352884e-01   1.3294233e-01
   2.0800000e+00   1.0000000e+00   7.8201369e-01   4.3597263e-01
   2.1000000e+00   1.0000000e+00   7.4291300e-01   5.1417400e-01
   2.1200000e+00   1.0000000e+00   7.2825024e-01   5.4349951e-01
   2.1400000e+00   1.0000000e+00   7.0381232e-01   5.9237537e-01
   2.1600000e+00   1.0000000e+00   6.9403715e-01   6.1192571e-01
   2.1800000e+00   1.0000000e+00   6.7448680e-01   6.5102639e-01
   2.2000000e+00   1.0000000e+00   6.5493646e-01   6.9012708e-01
   2.2200000e+00   1.0000000e+00   6.4027370e-01   7.1945259e-01
   2.2400000e+00   1.0000000e+00   6.2072336e-01   7.5855327e-01
   2.2600000e+00   1.0000000e+00   6.1094819e-01   7.7810362e-01
   2.2800000e+00   1.0000000e+00   6.1094819e-01   7.7810362e-01
   2.3000000e+00   1.0000000e+00   6.0606061e-01   7.8787879e-01
   2.3200000e+00   1.0000000e+00   6.0117302e-01   7.9765396e-01
   2.3400000e+00   1.0000000e+00   5.9628543e-01   8.0742913e-01
   2.3600000e+00   1.0000000e+00   6.0117302e-01   7.9765396e-01
   2.3800000e+00   1.0000000e+00   6.0117302e-01   7.9765396e-01
   2.4000000e+00   1.0000000e+00   6.0117302e-01   7.9765396e-01
   2.4200000e+00   1.0000000e+00   5.9139785e-01   8.1720430e-01
   2.4400000e+00   1.0000000e+00   6.0606061e-01   7.8787879e-01
   2.4600000e+00   1.0000000e+00   6.0606061e-01   7.8787879e-01
   2.4800000e+00   1.0000000e+00   6.0606061e-01   7.8787879e-01
   2.5000000e+00   1.0000000e+00   6.0117302e-01   7.9765396e-01
   2.5200000e+00   1.0000000e+00   6.0606061e-01   7.8787879e-01
   2.5400000e+00   1.0000000e+00   5.9628543e-01   8.0742913e-01
   2.5600000e+00   1.0000000e+00   6.0117302e-01   7.9765396e-01
   2.5800000e+00   1.0000000e+00   5.9628543e-01   8.0742913e-01
   2.6000000e+00   1.0000000e+00   6.0117302e-01   7.9765396e-01
   2.6200000e+00   1.0000000e+00   6.0117302e-01   7.9765396e-01
   2.6400000e+00   1.0000000e+00   5.9628543e-01   8.0742913e-01
   2.6600000e+00   1.0000000e+00   5.9628543e-01   8.0742913e-01
   2.6800000e+00   1.0000000e+00   5.9139785e-01   8.1720430e-01
   2.7000000e+00   1.0000000e+00   6.0117302e-01   7.9765396e-01
   2.7200000e+00   1.0000000e+00   5.9628543e-01   8.0742913e-01
   2.7400000e+00   1.0000000e+00   5.9628543e-01   8.0742913e-01
   2.7600000e+00   1.0000000e+00   5.9628543e-01   8.0742913e-01
   2.7800000e+00   1.0000000e+00   5.9628543e-01   8.0742913e-01
   2.8000000e+00   1.0000000e+00   5.8651026e-01   8.2697947e-01
   2.8200000e+00   1.0000000e+00   5.9628543e-01   8.0742913e-01
   2.8400000e+00   1.0000000e+00   5.9628543e-01   8.0742913e-01
   2.8600000e+00   1.0000000e+00   6.0117302e-01   7.9765396e-01
   2.8800000e+00   1.0000000e+00   5.9628543e-01   8.0742913e-01
   2.9000000e+00   1.0000000e+00   5.9139785e-01   8.1720430e-01
   2.9200000e+00   1.0000000e+00   6.0117302e-01   7.9765396e-01
   2.9400000e+00   1.0000000e+00   5.9139785e-01   8.1720430e-01
   2.9600000e+00   1.0000000e+00   5.9628543e-01   8.0742913e-01
   2.9800000e+00   1.0000000e+00   5.9139785e-01   8.1720430e-01
   3.0000000e+00   1.0000000e+00   5.8651026e-01   8.2697947e-01
   3.0200000e+00   1.0000000e+00   5.9628543e-01   8.0742913e-01
   3.0400000e+00   1.0000000e+00   6.0117302e-01   7.9765396e-01
   3.0600000e+00   1.0000000e+00   6.0117302e-01   7.9765396e-01
   3.0800000e+00   1.0000000e+00   5.9628543e-01   8.0742913e-01
   3.1000000e+00   1.0000000e+00   5.9139785e-01   8.1720430e-01
   3.1200000e+00   1.0000000e+00   6.0117302e-01   7.9765396e-01
   3.1400000e+00   1.0000000e+00   5.9628543e-01   8.0742913e-01
   3.1600000e+00   1.0000000e+00   6.0606061e-01   7.8787879e-01
   3.1800000e+00   1.0000000e+00   5.9628543e-01   8.0742913e-01
   3.2000000e+00   1.0000000e+00   6.0606061e-01   7.8787879e-01
   3.2200000e+00   1.0000000e+00   5.9139785e-01   8.1720430e-01
   3.2400000e+00   1.0000000e+00   5.9628543e-01   8.0742913e-01
   3.2600000e+00   1.0000000e+00   5.9139785e-01   8.1720430e-01
   3.2800000e+00   1.0000000e+00   5.9628543e-01   8.0742913e-01
   3.3000000e+00   1.0000000e+00   5.9139785e-01   8.1720430e-01
   3.3200000e+00   1.0000000e+00   5.9628543e-01   8.0742913e-01
   3.3400000e+00   1.0000000e+00   6.0117302e-01   7.9765396e-01
   3.3600000e+00   1.0000000e+00   5.9628543e-01   8.0742913e-01
   3.3800000e+00   1.0000000e+00   5.9139785e-01   8.1720430e-01
   3.4000000e+00   1.0000000e+00   6.0117302e-01   7.9765396e-01
   3.4200000e+00   1.0000000e+00   6.0117302e-01   7.9765396e-01
   3.4400000e+00   1.0000000e+00   6.0606061e-01   7.8787879e-01
   3.4600000e+00   1.0000000e+00   5.9628543e-01   8.0742913e-01
   3.4800000e+00   1.0000000e+00   5.9628543e-01   8.0742913e-01
   3.5000000e+00   1.0000000e+00   5.9628543e-01   8.0742913e-01
   3.5200000e+00   1.0000000e+00   5.9139785e-01   8.1720430e-01
   3.5400000e+00   1.0000000e+00   5.9628543e-01   8.0742913e-01
   3.5600000e+00   1.0000000e+00   5.9628543e-01   8.0742913e-01
   3.5800000e+00   1.0000000e+00   5.9139785e-01   8.1720430e-01
   3.6000000e+00   1.0000000e+00   5.9139785e-01   8.1720430e-01
   3.6200000e+00   1.0000000e+00   5.9628543e-01   8.0742913e-01
   3.6400000e+00   1.0000000e+00   5.9139785e-01   8.1720430e-01
   3.6600000e+00   1.0000000e+00   5.9628543e-01   8.0742913e-01
   3.6800000e+00   1.0000000e+00   5.9628543e-01   8.0742913e-01
   3.7000000e+00   1.0000000e+00   6.0117302e-01   7.9765396e-01
   3.7200000e+00   1.0000000e+00   6.0117302e-01   7.9765396e-01
   3.7400000e+00   1.0000000e+00   5.9628543e-01   8.0742913e-01
   3.7600000e+00   1.0000000e+00   5.9139785e-01   8.1720430e-01
   3.7800000e+00   1.0000000e+00   6.0117302e-01   7.9765396e-01
   3.8000000e+00   1.0000000e+00   5.9139785e-01   8.1720430e-01
   3.8200000e+00   1.0000000e+00   5.9628543e-01   8.0742913e-01
   3.8400000e+00   1.0000000e+00   6.0117302e-01   7.9765396e-01
   3.8600000e+00   1.0000000e+00   5.9628543e-01   8.0742913e-01
   3.8800000e+00   1.0000000e+00   6.0606061e-01   7.8787879e-01
   3.9000000e+00   1.0000000e+00   5.9628543e-01   8.0742913e-01
   3.9200000e+00   1.0000000e+00   5.9628543e-01   8.0742913e-01
   3.9400000e+00   1.0000000e+00   6.0117302e-01   7.9765396e-01
   3.9600000e+00   1.0000000e+00   5.9139785e-01   8.1720430e-01
   3.9800000e+00   1.0000000e+00   5.9628543e-01   8.0742913e-01
   4.0000000e+00   1.5000000e+00   6.0117302e-01   1.7976540e+00
   4.0200000e+00   1.5000000e+00   5.9139785e-01   1.8172043e+00
   4.0400000e+00   1.5000000e+00   5.9628543e-01   1.8074291e+00
   4.0600000e+00   1.5000000e+00   6.4516129e-01   1.7096774e+00
   4.0800000e+00   1.5000000e+00   6.8426197e-01   1.6314761e+00
   4.1000000e+00   1.5000000e+00   7.3313783e-01   1.5337243e+00
   4.1200000e+00   1.5000000e+00   7.6246334e-01   1.4750733e+00
   4.1400000e+00   1.5000000e+00   8.4066471e-01   1.3186706e+00
   4.1600000e+00   1.5000000e+00   9.3352884e-01   1.1329423e+00
   4.1800000e+00   1.5000000e+00   9.5796676e-01   1.0840665e+00
   4.2000000e+00   1.5000000e+00   9.7262952e-01   1.0547410e+00
   4.2200000e+00   1.5000000e+00   9.6774194e-01   1.0645161e+00
   4.2400000e+00   1.5000000e+00   9.7262952e-01   1.0547410e+00
   4.2600000e+00   1.5000000e+00   9.6774194e-01   1.0645161e+00
   4.2800000e+00   1.5000000e+00   9.7262952e-01   1.0547410e+00
   4.3000000e+00   1.5000000e+00   9.7262952e-01   1.0547410e+00
   4.3200000e+00   1.5000000e+00   9.6774194e-01   1.0645161e+00
   4.3400000e+00   1.5000000e+00   9.7751711e-01   1.0449658e+00
   4.3600000e+00   1.5000000e+00   9.7751711e-01   1.0449658e+00
   4.3800000e+00   1.5000000e+00   9.6285435e-01   1.0742913e+00
   4.4000000e+00   1.5000000e+00   9.6285435e-01   1.0742913e+00
   4.4200000e+00   1.5000000e+00   9.7262952e-01   1.0547410e+00
   4.4400000e+00   1.5000000e+00   9.7262952e-01   1.0547410e+00
   4.4600000e+00   1.5000000e+00   9.7262952e-01   1.0547410e+00
   4.4800000e+00   1.5000000e+00   9.6774194e-01   1.0645161e+00
   4.5000000e+00   1.5000000e+00   9.6774194e-01   1.0645161e+00
   4.5200000e+00   1.5000000e+00   9.6774194e-01   1.0645161e+00
   4.5400000e+00   1.5000000e+00   9.7262952e-01   1.0547410e+00
   4.5600000e+00   1.5000000e+00   9.6285435e-01   1.0742913e+00
   4.5800000e+00   1.5000000e+00   9.6285435e-01   1.0742913e+00
   4.6000000e+00   1.5000000e+00   9.7262952e-01   1.0547410e+00
   4.6200000e+00   1.5000000e+00   9.6774194e-01   1.0645161e+00
   4.6400000e+00   1.5000000e+00   9.7262952e-01   1.0547410e+00
   4.6600000e+00   1.5000000e+00   9.5796676e-01   1.0840665e+00
   4.6800000e+00   1.5000000e+00   9.5796676e-01   1.0840665e+00
   4.7000000e+00   1.5000000e+00   9.6774194e-01   1.0645161e+00
   4.7200000e+00   1.5000000e+00   9.6285435e-01   1.0742913e+00
   4.7400000e+00   1.5000000e+00   9.6774194e-01   1.0645161e+00
   4.7600000e+00   1.5000000e+00   9.6774194e-01   1.0645161e+00
   4.7800000e+00   1.5000000e+00   9.7262952e-01   1.0547410e+00
   4.8000000e+00   1.5000000e+00   9.6774194e-01   1.0645161e+00
   4.8200000e+00   1.5000000e+00   9.6774194e-01   1.0645161e+00
   4.8400000e+00   1.5000000e+00   9.6285435e-01   1.0742913e+00
   4.8600000e+00   1.5000000e+00   9.6774194e-01   1.0645161e+00
   4.8800000e+00   1.5000000e+00   9.6774194e-01   1.0645161e+00
   4.9000000e+00   1.5000000e+00   9.6285435e-01   1.0742913e+00
   4.9200000e+00   1.5000000e+00   9.6774194e-01   1.0645161e+00
   4.9400000e+00   1.5000000e+00   9.6774194e-01   1.0645161e+00
   4.9600000e+00   1.5000000e+00   9.6285435e-01   1.0742913e+00
   4.9800000e+00   1.5000000e+00   9.6774194e-01   1.0645161e+00
   5.0000000e+00   1.5000000e+00   9.6774194e-01   1.0645161e+00
   5.0200000e+00   1.5000000e+00   9.6774194e-01   1.0645161e+00
   5.0400000e+00   1.5000000e+00   9.6285435e-01   1.0742913e+00
   5.0600000e+00   1.5000000e+00   9.6774194e-01   1.0645161e+00
   5.0800000e+00   1.5000000e+00   9.6774194e-01   1.0645161e+00
   5.1000000e+00   1.5000000e+00   9.6774194e-01   1.0645161e+00
   5.1200000e+00   1.5000000e+00   9.6774194e-01   1.0645161e+00
   5.1400000e+00   1.5000000e+00   9.6774194e-01   1.0645161e+00
   5.1600000e+00   1.5000000e+00   9.6285435e-01   1.0742913e+00
   5.1800000e+00   1.5000000e+00   9.7262952e-01   1.0547410e+00
   5.2000000e+00   1.5000000e+00   9.6285435e-01   1.0742913e+00
   5.2200000e+00   1.5000000e+00   9.6285435e-01   1.0742913e+00
   5.2400000e+00   1.5000000e+00   9.6774194e-01   1.0645161e+00
   5.2600000e+00   1.5000000e+00   9.6285435e-01   1.0742913e+00
   5.2800000e+00   1.5000000e+00   9.6285435e-01   1.0742913e+00
   5.3000000e+00   1.5000000e+00   9.6774194e-01   1.0645161e+00
   5.3200000e+00   1.5000000e+00   9.6285435e-01   1.0742913e+00
   5.3400000e+00   1.5000000e+00   9.6285435e-01   1.0742913e+00
   5.3600000e+00   1.5000000e+00   9.6285435e-01   1.0742913e+00
   5.3800000e+00   1.5000000e+00   9.6774194e-01   1.0645161e+00
   5.4000000e+00   1.5000000e+00   9.6285435e-01   1.0742913e+00
   5.4200000e+00   1.5000000e+00   9.6774194e-01   1.0645161e+00
   5.4400000e+00   1.5000000e+00   9.6285435e-01   1.0742913e+00
   5.4600000e+00   1.5000000e+00   9.7262952e-01   1.0547410e+00
   5.4800000e+00   1.5000000e+00   9.6774194e-01   1.0645161e+00
   5.5000000e+00   1.5000000e+00   9.6774194e-01   1.0645161e+00
   5.5200000e+00   1.5000000e+00   9.6285435e-01   1.0742913e+00
   5.5400000e+00   1.5000000e+00   9.6774194e-01   1.0645161e+00
   5.5600000e+00   1.5000000e+00   9.5796676e-01   1.0840665e+00
   5.5800000e+00   1.5000000e+00   9.6285435e-01   1.0742913e+00
   5.6000000e+00   1.5000000e+00   9.6285435e-01   1.0742913e+00
   5.6200000e+00   1.5000000e+00   9.6285435e-01   1.0742913e+00
   5.6400000e+00   1.5000000e+00   9.6285435e-01   1.0742913e+00
   5.6600000e+00   1.5000000e+00   9.6774194e-01   1.0645161e+00
   5.6800000e+00   1.5000000e+00   9.7262952e-01   1.0547410e+00
   5.7000000e+00   1.5000000e+00   9.7262952e-01   1.0547410e+00
   5.7200000e+00   1.5000000e+00   9.6774194e-01   1.0645161e+00
   5.7400000e+00   1.5000000e+00   9.6285435e-01   1.0742913e+00
   5.7600000e+00   1.5000000e+00   9.6774194e-01   1.0645161e+00
   5.7800000e+00   1.5000000e+00   9.6285435e-01   1.0742913e+00
   5.8000000e+00   1.5000000e+00   9.6285435e-01   1.0742913e+00
   5.8200000e+00   1.5000000e+00   9.6285435e-01   1.0742913e+00
   5.8400000e+00   1.5000000e+00   9.6774194e-01   1.0645161e+00
   5.8600000e+00   1.5000000e+00   9.6285435e-01   1.0742913e+00
   5.8800000e+00   1.5000000e+00   9.6774194e-01   1.0645161e+00
   5.9000000e+00   1.5000000e+00   9.7751711e-01   1.0449658e+00
   5.9200000e+00   1.5000000e+00   9.6774194e-01   1.0645161e+00
   5.9400000e+00   1.5000000e+00   9.6285435e-01   1.0742913e+00
   5.9600000e+00   1.5000000e+00   9.6774194e-01   1.0645161e+00
   5.9800000e+00   1.5000000e+00   9.6774194e-01   1.0645161e+00
   6.0000000e+00   1.0000000e+00   9.6774194e-01   6.4516129e-02
   6.0200000e+00   1.0000000e+00   9.6285435e-01   7.4291300e-02
   6.0400000e+00   1.0000000e+00   9.6774194e-01   6.4516129e-02
   6.0600000e+00   1.0000000e+00   9.4819159e-01   1.0361681e-01
   6.0800000e+00   1.0000000e+00   9.2864125e-01   1.4271750e-01
   6.1000000e+00   1.0000000e+00   8.8954057e-01   2.2091887e-01
   6.1200000e+00   1.0000000e+00   8.7487781e-01   2.5024438e-01
   6.1400000e+00   1.0000000e+00   8.5532747e-01   2.8934506e-01
   6.1600000e+00   1.0000000e+00   8.2600196e-01   3.4799609e-01
   6.1800000e+00   1.0000000e+00   8.0156403e-01   3.9687195e-01
   6.2000000e+00   1.0000000e+00   7.7712610e-01   4.4574780e-01
   6.2200000e+00   1.0000000e+00   6.9403715e-01   6.1192571e-01
   6.2400000e+00   1.0000000e+00   6.7937439e-01   6.4125122e-01
   6.2600000e+00   1.0000000e+00   6.6471163e-01   6.7057674e-01
   6.2800000e+00   1.0000000e+00   6.5493646e-01   6.9012708e-01
   6.3000000e+00   1.0000000e+00   6.5493646e-01   6.9012708e-01
   6.3200000e+00   1.0000000e+00   6.4516129e-01   7.0967742e-01
   6.3400000e+00   1.0000000e+00   6.3538612e-01   7.2922776e-01
   6.3600000e+00   1.0000000e+00   6.3049853e-01   7.3900293e-01
   6.3800000e+00   1.0000000e+00   6.2072336e-01   7.5855327e-01
   6.4000000e+00   1.0000000e+00   6.1094819e-01   7.7810362e-01
   6.4200000e+00   1.0000000e+00   6.0606061e-01   7.8787879e-01
   6.4400000e+00   1.0000000e+00   6.1094819e-01   7.7810362e-01
   6.4600000e+00   1.0000000e+00   6.0606061e-01   7.8787879e-01
   6.4800000e+00   1.0000000e+00   6.0606061e-01   7.8787879e-01
   6.5000000e+00   1.0000000e+00   5.9628543e-01   8.0742913e-01
   6.5200000e+00   1.0000000e+00   6.0606061e-01   7.8787879e-01
   6.5400000e+00   1.0000000e+00   5.9628543e-01   8.0742913e-01
   6.5600000e+00   1.0000000e+00   5.9628543e-01   8.0742913e-01
   6.5800000e+00   1.0000000e+00   6.0117302e-01   7.9765396e-01
   6.6000000e+00   1.0000000e+00   5.9628543e-01   8.0742913e-01
   6.6200000e+00   1.0000000e+00   5.9139785e-01   8.1720430e-01
   6.6400000e+00   1.0000000e+00   5.9628543e-01   8.0742913e-01
   6.6600000e+00   1.0000000e+00   5.9628543e-01   8.0742913e-01
   6.6800000e+00   1.0000000e+00   5.9139785e-01   8.1720430e-01
   6.7000000e+00   1.0000000e+00   6.0117302e-01   7.9765396e-01
   6.7200000e+00   1.0000000e+00   6.0117302e-01   7.9765396e-01
   6.7400000e+00   1.0000000e+00   5.9628543e-01   8.0742913e-01
   6.7600000e+00   1.0000000e+00   5.9628543e-01   8.0742913e-01
   6.7800000e+00   1.0000000e+00   5.9628543e-01   8.0742913e-01
   6.8000000e+00   1.0000000e+00   6.0117302e-01   7.9765396e-01
   6.8200000e+00   1.0000000e+00   5.9628543e-01   8.0742913e-01
   6.8400000e+00   1.0000000e+00   5.9628543e-01   8.0742913e-01
   6.8600000e+00   1.0000000e+00   5.9628543e-01   8.0742913e-01
   6.8800000e+00   1.0000000e+00   5.9628543e-01   8.0742913e-01
   6.9000000e+00   1.0000000e+00   5.9628543e-01   8.0742913e-01
   6.9200000e+00   1.0000000e+00   5.9628543e-01   8.0742913e-01
   6.9400000e+00   1.0000000e+00   5.9139785e-01   8.1720430e-01
   6.9600000e+00   1.0000000e+00   5.9628543e-01   8.0742913e-01
   6.9800000e+00   1.0000000e+00   5.8651026e-01   8.2697947e-01
   7.0000000e+00   1.0000000e+00   5.8651026e-01   8.2697947e-01
   7.0200000e+00   1.0000000e+00   5.8651026e-01   8.2697947e-01
   7.0400000e+00   1.0000000e+00   5.9628543e-01   8.0742913e-01
   7.0600000e+00   1.0000000e+00   6.0117302e-01   7.9765396e-01
   7.0800000e+00   1.0000000e+00   5.9628543e-01   8.0742913e-01
   7.1000000e+00   1.0000000e+00   5.9628543e-01   8.0742913e-01
   7.1200000e+00   1.0000000e+00   5.9628543e-01   8.0742913e-01
   7.1400000e+00   1.0000000e+00   5.9139785e-01   8.1720430e-01
   7.1600000e+00   1.0000000e+00   5.9628543e-01   8.0742913e-01
   7.1800000e+00   1.0000000e+00   5.9628543e-01   8.0742913e-01
   7.2000000e+00   1.0000000e+00   5.9628543e-01   8.0742913e-01
   7.2200000e+00   1.0000000e+00   5.9139785e-01   8.1720430e-01
   7.2400000e+00   1.0000000e+00   5.9628543e-01   8.0742913e-01
   7.2600000e+00   1.0000000e+00   5.8651026e-01   8.2697947e-01
   7.2800000e+00   1.0000000e+00   5.9628543e-01   8.0742913e-01
   7.3000000e+00   1.0000000e+00   5.9628543e-01   8.0742913e-01
   7.3200000e+00   1.0000000e+00   5.9628543e-01   8.0742913e-01
   7.3400000e+00   1.0000000e+00   5.9139785e-01   8.1720430e-01
   7.3600000e+00   1.0000000e+00   5.9139785e-01   8.1720430e-01
   7.3800000e+00   1.0000000e+00   5.9139785e-01   8.1720430e-01
   7.4000000e+00   1.0000000e+00   5.9139785e-01   8.1720430e-01
   7.4200000e+00   1.0000000e+00   5.9139785e-01   8.1720430e-01
   7.4400000e+00   1.0000000e+00   5.9139785e-01   8.1720430e-01
   7.4600000e+00   1.0000000e+00   6.0117302e-01   7.9765396e-01
   7.4800000e+00   1.0000000e+00   6.0606061e-01   7.8787879e-01
   7.5000000e+00   1.0000000e+00   5.9628543e-01   8.0742913e-01
   7.5200000e+00   1.0000000e+00   5.9139785e-01   8.1720430e-01
   7.5400000e+00   1.0000000e+00   5.9139785e-01   8.1720430e-01
   7.5600000e+00   1.0000000e+00   5.9139785e-01   8.1720430e-01
   7.5800000e+00   1.0000000e+00   5.9628543e-01   8.0742913e-01
   7.6000000e+00   1.0000000e+00   5.9628543e-01   8.0742913e-01
   7.6200000e+00   1.0000000e+00   5.8651026e-01   8.2697947e-01
   7.6400000e+00   1.0000000e+00   6.0117302e-01   7.9765396e-01
   7.6600000e+00   1.0000000e+00   6.0117302e-01   7.9765396e-01
   7.6800000e+00   1.0000000e+00   5.9139785e-01   8.1720430e-01
   7.7000000e+00   1.0000000e+00   5.9628543e-01   8.0742913e-01
   7.7200000e+00   1.0000000e+00   5.9628543e-01   8.0742913e-01
   7.7400000e+00   1.0000000e+00   5.9628543e-01   8.0742913e-01
   7.7600000e+00   1.0000000e+00   5.9139785e-01   8.1720430e-01
   7.7800000e+00   1.0000000e+00   6.0117302e-01   7.9765396e-01
   7.8000000e+00   1.0000000e+00   5.9628543e-01   8.0742913e-01
   7.8200000e+00   1.0000000e+00   5.9139785e-01   8.1720430e-01
   7.8400000e+00   1.0000000e+00   5.9628543e-01   8.0742913e-01
   7.8600000e+00   1.0000000e+00   6.0117302e-01   7.9765396e-01
   7.8800000e+00   1.0000000e+00   5.9628543e-01   8.0742913e-01
   7.9000000e+00   1.0000000e+00   5.9628543e-01   8.0742913e-01
   7.9200000e+00   1.0000000e+00   5.9139785e-01   8.1720430e-01
   7.9400000e+00   1.0000000e+00   5.9139785e-01   8.1720430e-01
   7.9600000e+00   1.0000000e+00   5.9628543e-01   8.0742913e-01
   7.9800000e+00   1.0000000e+00   5.9139785e-01   8.1720430e-01
   8.0000000e+00   1.5000000e+00   5.9628543e-01   1.8074291e+00
   8.0200000e+00   1.5000000e+00   5.9628543e-01   1.8074291e+00
   8.0400000e+00   1.5000000e+00   6.0117302e-01   1.7976540e+00
   8.0600000e+00   1.5000000e+00   6.3538612e-01   1.7292278e+00
   8.0800000e+00   1.5000000e+00   6.9403715e-01   1.6119257e+00
   8.1000000e+00   1.5000000e+00   7.2825024e-01   1.5434995e+00
   8.1200000e+00   1.5000000e+00   7.6246334e-01   1.4750733e+00
   8.1400000e+00   1.5000000e+00   7.9178886e-01   1.4164223e+00
   8.1600000e+00   1.5000000e+00   8.2111437e-01   1.3577713e+00
   8.1800000e+00   1.5000000e+00   8.5043988e-01   1.2991202e+00
   8.2000000e+00   1.5000000e+00   8.6999022e-01   1.2600196e+00
   8.2200000e+00   1.5000000e+00   8.7976540e-01   1.2404692e+00
   8.2400000e+00   1.5000000e+00   9.2864125e-01   1.1427175e+00
   8.2600000e+00   1.5000000e+00   9.4819159e-01   1.1036168e+00
   8.2800000e+00   1.5000000e+00   9.4819159e-01   1.1036168e+00
   8.3000000e+00   1.5000000e+00   9.5796676e-01   1.0840665e+00
   8.3200000e+00   1.5000000e+00   9.5796676e-01   1.0840665e+00
   8.3400000e+00   1.5000000e+00   9.5796676e-01   1.0840665e+00
   8.3600000e+00   1.5000000e+00   9.6285435e-01   1.0742913e+00
   8.3800000e+00   1.5000000e+00   9.6285435e-01   1.0742913e+00
   8.4000000e+00   1.5000000e+00   9.6774194e-01   1.0645161e+00
   8.4200000e+00   1.5000000e+00   9.6285435e-01   1.0742913e+00
   8.4400000e+00   1.5000000e+00   9.6774194e-01   1.0645161e+00
   8.4600000e+00   1.5000000e+00   9.6285435e-01   1.0742913e+00
   8.4800000e+00   1.5000000e+00   9.6285435e-01   1.0742913e+00
   8.5000000e+00   1.5000000e+00   9.5796676e-01   1.0840665e+00
   8.5200000e+00   1.5000000e+00   9.6774194e-01   1.0645161e+00
   8.5400000e+00   1.5000000e+00   9.6285435e-01   1.0742913e+00
   8.5600000e+00   1.5000000e+00   9.6285435e-01   1.0742913e+00
   8.5800000e+00   1.5000000e+00   9.6285435e-01   1.0742913e+00
   8.6000000e+00   1.5000000e+00   9.6774194e-01   1.0645161e+00
   8.6200000e+00   1.5000000e+00   9.6285435e-01   1.0742913e+00
   8.6400000e+00   1.5000000e+00   9.7262952e-01   1.0547410e+00
   8.6600000e+00   1.5000000e+00   9.7262952e-01   1.0547410e+00
   8.6800000e+00   1.5000000e+00   9.6774194e-01   1.0645161e+00
   8.7000000e+00   1.5000000e+00   9.6774194e-01   1.0645161e+00
   8.7200000e+00   1.5000000e+00   9.6285435e-01   1.0742913e+00
   8.7400000e+00   1.5000000e+00   9.6285435e-01   1.0742913e+00
   8.7600000e+00   1.5000000e+00   9.6285435e-01   1.0742913e+00
   8.7800000e+00   1.5000000e+00   9.6774194e-01   1.0645161e+00
   8.8000000e+00   1.5000000e+00   9.6285435e-01   1.0742913e+00
   8.8200000e+00   1.5000000e+00   9.6774194e-01   1.0645161e+00
   8.8400000e+00   1.5000000e+00   9.6774194e-01   1.0645161e+00
   8.8600000e+00   1.5000000e+00   9.6285435e-01   1.0742913e+00
   8.8800000e+00   1.5000000e+00   9.6774194e-01   1.0645161e+00
   8.9000000e+00   1.5000000e+00   9.6774194e-01   1.0645161e+00
   8.9200000e+00   1.5000000e+00   9.6774194e-01   1.0645161e+00
   8.9400000e+00   1.5000000e+00   9.6774194e-01   1.0645161e+00
   8.9600000e+00   1.5000000e+00   9.5796676e-01   1.0840665e+00
   8.9800000e+00   1.5000000e+00   9.6285435e-01   1.0742913e+00
   9.0000000e+00   1.5000000e+00   9.6774194e-01   1.0645161e+00
   9.0200000e+00   1.5000000e+00   9.7262952e-01   1.0547410e+00
   9.0400000e+00   1.5000000e+00   9.6285435e-01   1.0742913e+00
   9.0600000e+00   1.5000000e+00   9.6774194e-01   1.0645161e+00
   9.0800000e+00   1.5000000e+00   9.6285435e-01   1.0742913e+00
   9.1000000e+00   1.5000000e+00   9.6774194e-01   1.0645161e+00
   9.1200000e+00   1.5000000e+00   9.6285435e-01   1.0742913e+00
   9.1400000e+00   1.5000000e+00   9.6285435e-01   1.0742913e+00
   9.1600000e+00   1.5000000e+00   9.6285435e-01   1.0742913e+00
   9.1800000e+00   1.5000000e+00   9.6774194e-01   1.0645161e+00
   9.2000000e+00   1.5000000e+00   9.6774194e-01   1.0645161e+00
   9.2200000e+00   1.5000000e+00   9.6774194e-01   1.0645161e+00
   9.2400000e+00   1.5000000e+00   9.6774194e-01   1.0645161e+00
   9.2600000e+00   1.5000000e+00   9.6285435e-01   1.0742913e+00
   9.2800000e+00   1.5000000e+00   9.6774194e-01   1.0645161e+00
   9.3000000e+00   1.5000000e+00   9.6285435e-01   1.0742913e+00
   9.3200000e+00   1.5000000e+00   9.5796676e-01   1.0840665e+00
   9.3400000e+00   1.5000000e+00   9.6774194e-01   1.0645161e+00
   9.3600000e+00   1.5000000e+00   9.5796676e-01   1.0840665e+00
   9.3800000e+00   1.5000000e+00   9.6774194e-01   1.0645161e+00
   9.4000000e+00   1.5000000e+00   9.6774194e-01   1.0645161e+00
   9.4200000e+00   1.5000000e+00   9.6774194e-01   1.0645161e+00
   9.4400000e+00   1.5000000e+00   9.6285435e-01   1.0742913e+00
   9.4600000e+00   1.5000000e+00   9.7262952e-01   1.0547410e+00
   9.4800000e+00   1.5000000e+00   9.6285435e-01   1.0742913e+00
   9.5000000e+00   1.5000000e+00   9.7262952e-01   1.0547410e+00
   9.5200000e+00   1.5000000e+00   9.6774194e-01   1.0645161e+00
   9.5400000e+00   1.5000000e+00   9.6285435e-01   1.0742913e+00
   9.5600000e+00   1.5000000e+00   9.6774194e-01   1.0645161e+00
   9.5800000e+00   1.5000000e+00   9.6285435e-01   1.0742913e+00
   9.6000000e+00   1.5000000e+00   9.6774194e-01   1.0645161e+00
   9.6200000e+00   1.5000000e+00   9.7262952e-01   1.0547410e+00
   9.6400000e+00   1.5000000e+00   9.6774194e-01   1.0645161e+00
   9.6600000e+00   1.5000000e+00   9.6285435e-01   1.0742913e+00
   9.6800000e+00   1.5000000e+00   9.6774194e-01   1.0645161e+00
   9.7000000e+00   1.5000000e+00   9.6774194e-01   1.0645161e+00
   9.7200000e+00   1.5000000e+00   9.7262952e-01   1.0547410e+00
   9.7400000e+00   1.5000000e+00   9.6285435e-01   1.0742913e+00
   9.7600000e+00   1.5000000e+00   9.6774194e-01   1.0645161e+00
   9.7800000e+00   1.5000000e+00   9.7262952e-01   1.0547410e+00
   9.8000000e+00   1.5000000e+00   9.6774194e-01   1.0645161e+00
   9.8200000e+00   1.5000000e+00   9.6285435e-01   1.0742913e+00
   9.8400000e+00   1.5000000e+00   9.5796676e-01   1.0840665e+00
   9.8600000e+00   1.5000000e+00   9.6774194e-01   1.0645161e+00
   9.8800000e+00   1.5000000e+00   9.6285435e-01   1.0742913e+00
   9.9000000e+00   1.5000000e+00   9.6285435e-01   1.0742913e+00
   9.9200000e+00   1.5000000e+00   9.6774194e-01   1.0645161e+00
   9.9400000e+00   1.5000000e+00   9.6774194e-01   1.0645161e+00
   9.9600000e+00   1.5000000e+00   9.6774194e-01   1.0645161e+00
   9.9800000e+00   1.5000000e+00   9.6774194e-01   1.0645161e+00
   1.0000000e+01   1.0000000e+00   9.6285435e-01   7.4291300e-02
