0.000000000000000e+00  -3.663735981263017e-14  0.000000000000000e+00  1.619157848017643e-15
2.500000000000000e-01  1.985078768029780e-13  -4.376707329889484e-14  8.983593320123165e-15
5.000000000000000e-01  2.353672812205332e-14  2.632269402447207e-14  1.560537387031503e-15
7.500000000000000e-01  2.002842336423782e-13  1.052768983100805e-13  9.999706984330702e-15
1.000000000000000e+00  1.554312234475219e-15  4.937716902020384e-14  2.183264071477548e-15
1.250000000000000e+00  -2.531308496145357e-14  -4.052314039881821e-15  1.132935139347328e-15
1.500000000000000e+00  1.108002578575906e-13  9.597878047884478e-14  6.478423238961385e-15
1.750000000000000e+00  9.703349235223868e-14  2.325917236589703e-14  4.409791957876791e-15
2.000000000000000e+00  -1.398881011027697e-14  7.094325127354750e-14  3.195648808573996e-15
2.250000000000000e+00  7.038813976123492e-14  -6.215861159120095e-14  4.150061938071518e-15
2.500000000000000e+00  2.176037128265307e-14  -3.899658373995862e-14  1.973579048638201e-15
2.750000000000000e+00  1.534328220031966e-13  1.257605131144146e-13  8.767542406898782e-15
3.000000000000000e+00  7.172040739078511e-14  -1.115774139748282e-14  3.207751850191775e-15
3.250000000000000e+00  6.881162306626720e-13  -8.476552793013070e-14  3.064059365840689e-14
3.500000000000000e+00  -1.059152765492399e-13  1.094097035192476e-12  4.857875307617993e-14
3.750000000000000e+00  -7.183142969324763e-13  1.149080830487037e-13  3.214892399320618e-14
4.000000000000000e+00  -4.329869796038111e-14  -1.313393838131560e-13  6.111722053236966e-15
4.250000000000000e+00  -2.553512956637860e-13  -1.110223024625157e-15  1.128514621017541e-14
4.500000000000000e+00  7.727152251391090e-14  -1.558753126573720e-13  7.688770383809361e-15
4.750000000000000e+00  -4.996003610813204e-14  1.156019724390944e-13  5.565627849475513e-15
5.000000000000000e+00  9.237055564881302e-14  -1.748601263784622e-14  4.154741311902683e-15
5.250000000000000e+00  -8.393286066166183e-14  -7.394085344003543e-14  4.943425026117934e-15
5.500000000000000e+00  -8.859579736508749e-14  2.103872631664672e-14  4.024301986200528e-15
5.750000000000000e+00  -2.009503674571533e-13  2.211009153540999e-13  1.320412643773022e-14
6.000000000000000e+00  -3.352873534367973e-14  -3.539391002504999e-13  1.571207380462404e-14
6.250000000000000e+00  3.153033389935445e-14  4.146682996974960e-14  2.302198314054664e-15
6.500000000000000e+00  2.162714451969805e-13  -1.165734175856414e-14  9.571812420672280e-15
6.750000000000000e+00  -1.030286966852145e-13  7.216449660063518e-16  4.553379821307640e-15
7.000000000000000e+00  -8.792966355031240e-14  -9.697798120100742e-14  5.785278084874087e-15
7.250000000000000e+00  4.296563105299356e-14  -5.873079800267078e-14  3.215973342955831e-15
7.500000000000000e+00  5.417888360170764e-14  1.257882686900302e-13  6.052833783708938e-15
7.750000000000000e+00  -7.027711745877241e-14  -2.032818358088662e-13  9.505588201007995e-15
8.000000000000000e+00  -6.494804694057166e-14  -5.895284260759581e-14  3.876432812953314e-15
8.250000000000000e+00  3.566036355096003e-13  -2.344791028008331e-13  1.886147086060067e-14
8.500000000000000e+00  1.205702204742920e-13  1.631472734686668e-13  8.965451364809486e-15
8.750000000000000e+00  2.575717417130363e-13  -1.081912337497215e-13  1.234660134705078e-14
9.000000000000000e+00  2.337019466835955e-13  5.573319583618286e-14  1.061790102935475e-14
9.250000000000000e+00  2.875477633779155e-14  7.782663402622347e-14  3.666737663102707e-15
9.500000000000000e+00  2.517985819849855e-13  3.285149929865838e-13  1.829257803443110e-14
9.750000000000000e+00  -9.825473767932635e-14  1.223465773136923e-13  6.934779654823512e-15
1.000000000000000e+01  -9.237055564881302e-14  1.487698852997710e-14  4.134847227989396e-15
1.025000000000000e+01  -5.284661597215745e-14  -3.574918139293004e-14  2.819702163867064e-15
1.050000000000000e+01  2.505773366578978e-13  7.027711745877241e-14  1.150134799206295e-14
1.075000000000000e+01  -1.627586954100480e-13  -1.421085471520200e-14  7.220351732921615e-15
1.100000000000000e+01  -1.831867990631508e-14  -1.108002578575906e-13  4.963198780858730e-15
1.125000000000000e+01  9.880984919163893e-15  7.771561172376096e-16  4.380305591047026e-16
1.150000000000000e+01  4.329869796038111e-14  1.265654248072679e-14  1.993625247189636e-15
1.175000000000000e+01  1.690869666504113e-13  5.118128143521972e-14  7.807489125581364e-15
1.200000000000000e+01  -8.792966355031240e-14  3.252953462151709e-14  4.143376763631047e-15
1.225000000000000e+01  -6.805667140952210e-14  2.953193245502916e-14  3.278673261430434e-15
1.250000000000000e+01  6.983302824892235e-14  -1.547650896327468e-13  7.503760099558906e-15
1.275000000000000e+01  -1.709743457922741e-14  7.482903185973555e-14  3.392232130134861e-15
1.300000000000000e+01  -1.597610932435600e-13  -7.538414337204813e-14  7.807045093905340e-15
1.325000000000000e+01  3.630429290524262e-14  7.271960811294775e-14  3.592022162748507e-15
1.350000000000000e+01  8.826273045769994e-14  2.580158309228864e-13  1.205152338939882e-14
1.375000000000000e+01  1.267874694121929e-13  -1.276756478318930e-13  7.952020852780092e-15
1.400000000000000e+01  1.387778780781446e-14  4.822808818971680e-13  2.132282750317998e-14
1.425000000000000e+01  -1.459943277382081e-13  -3.257394354250209e-13  1.577555735957867e-14
1.450000000000000e+01  -5.551115123125783e-14  2.153832667772804e-14  2.631460586546393e-15
1.475000000000000e+01  1.227906665235423e-13  3.447242491461111e-13  1.617243240190634e-14
1.500000000000000e+01  -1.071365218763276e-13  1.246780456654051e-13  7.264915878123722e-15
1.525000000000000e+01  -8.593126210598712e-14  -7.571721027943568e-14  5.061588988174682e-15
1.550000000000000e+01  -5.606626274357041e-14  7.149836278586008e-14  4.015458824161224e-15
1.575000000000000e+01  -2.142730437526552e-13  -1.462163723431331e-13  1.146429280045126e-14
1.600000000000000e+01  -5.218048215738236e-14  -1.102451463452780e-13  5.390384054555191e-15
1.625000000000000e+01  -1.862954235321013e-13  -1.982858321980530e-13  1.202400399327251e-14
1.650000000000000e+01  3.375077994860476e-14  -3.184119634624949e-13  1.415078492903394e-14
1.675000000000000e+01  2.968736367847669e-13  2.109423746787797e-13  1.609485079080857e-14
1.700000000000000e+01  -1.836308882730009e-13  8.570921750106208e-14  8.955878513380857e-15
1.725000000000000e+01  -1.945110739143274e-13  -1.316724507205436e-13  1.038066413101283e-14
1.750000000000000e+01  -2.442490654175344e-14  -1.560973572622970e-13  6.982534153918464e-15
1.775000000000000e+01  1.972866314758903e-13  -7.538414337204813e-14  9.333740879766669e-15
1.800000000000000e+01  8.193445921733655e-14  4.540812170716890e-14  4.139924026564199e-15
1.825000000000000e+01  3.527178549234122e-13  -2.630118345336996e-13  1.944468869713343e-14
1.850000000000000e+01  2.684519273543629e-13  2.342570581959080e-14  1.190909586997559e-14
1.875000000000000e+01  -1.083577672034153e-13  7.505107646466058e-14  5.825266522841376e-15
1.900000000000000e+01  8.792966355031240e-14  3.719247132494274e-14  4.219306827911684e-15
1.925000000000000e+01  1.929567616798522e-13  -2.805533583227771e-13  1.504826212091267e-14
1.950000000000000e+01  1.260103132949553e-13  -9.303668946358812e-14  6.922340509605943e-15
1.975000000000000e+01  4.207745263329343e-14  8.237854842718662e-14  4.088077477622184e-15
2.000000000000000e+01  -9.270362255620057e-14  -2.560000000000000e+02  1.131370849898476e+01
2.025000000000000e+01  -5.007105841059456e-14  -1.245670233629426e-13  5.933231064024358e-15
2.050000000000000e+01  -1.481037514849959e-13  -3.308464613382967e-13  1.601964749387856e-14
2.075000000000000e+01  2.620126338115369e-14  2.886579864025407e-14  1.722859027979251e-15
2.100000000000000e+01  -3.497202527569243e-14  2.001732113399157e-13  8.980486342144385e-15
2.125000000000000e+01  2.214894934127187e-13  5.995204332975845e-15  9.792130347010578e-15
2.150000000000000e+01  1.121325254871408e-14  2.496891582381977e-13  1.104592798048407e-14
2.175000000000000e+01  -2.412514632510465e-13  -1.448841047135829e-13  1.243684611341967e-14
2.200000000000000e+01  -1.284528039491306e-13  3.108624468950438e-15  5.678527673614469e-15
2.225000000000000e+01  1.548206007839781e-13  -2.209343819004062e-14  6.911485351358920e-15
2.250000000000000e+01  -1.000866056699579e-13  1.560973572622970e-13  8.194857569452143e-15
2.275000000000000e+01  -4.857225732735060e-14  2.077227279073668e-13  9.427767733448058e-15
2.300000000000000e+01  -2.062239268241228e-13  4.091171845743702e-13  2.024774190288055e-14
2.325000000000000e+01  -2.942646126768977e-13  -3.076428001236309e-13  1.881425213714498e-14
2.350000000000000e+01  -1.498801083243961e-14  -2.556843625711736e-13  1.131915668548621e-14
2.375000000000000e+01  -3.924638392049928e-14  1.132427485117660e-14  1.805221296456506e-15
2.400000000000000e+01  -1.831867990631508e-14  -4.674038933671909e-14  2.218634692804002e-15
2.425000000000000e+01  -2.006728117009970e-13  2.214894934127187e-13  1.320860079114281e-14
2.450000000000000e+01  1.623701173514291e-13  -1.287858708565182e-13  9.158953903339259e-15
2.475000000000000e+01  -4.318767565791859e-14  -2.475797344914099e-14  2.200023338850789e-15
2.500000000000000e+01  2.864375403532904e-14  -1.121325254871408e-13  5.114732076423470e-15
2.525000000000000e+01  -4.137246101265646e-13  -1.842970220877760e-14  1.830234930637546e-14
2.550000000000000e+01  -3.275157922644212e-15  8.126832540256146e-14  3.594501924911588e-15
2.575000000000000e+01  -4.630185124199215e-13  1.294520046712933e-13  2.124742467652760e-14
2.600000000000000e+01  -2.936539900133539e-14  -4.365396932826116e-13  1.933611170223469e-14
2.625000000000000e+01  -4.267697306659102e-13  4.052314039881821e-13  2.600874604215523e-14
2.650000000000000e+01  3.128608483393691e-13  1.041389197098397e-13  1.457247680118311e-14
2.675000000000000e+01  -3.277933480205775e-13  1.487698852997710e-14  1.450146839239617e-14
2.700000000000000e+01  -5.662137425588298e-14  -2.231548279496565e-13  1.017465229556641e-14
2.725000000000000e+01  4.969635813978357e-13  -3.277378368693462e-13  2.630889564652550e-14
2.750000000000000e+01  -1.189326415129699e-13  -5.773159728050814e-15  5.262318618923297e-15
2.775000000000000e+01  7.724376693829527e-14  -1.376676550535194e-14  3.467517619845572e-15
2.800000000000000e+01  1.681987882307112e-13  -9.636735853746359e-14  8.567003851278900e-15
2.825000000000000e+01  7.681077995869146e-13  -2.875477633779155e-13  3.624658680078475e-14
2.850000000000000e+01  1.190603171608018e-12  1.181277298201167e-13  5.287607255109593e-14
2.875000000000000e+01  3.612943277886416e-13  -5.129230373768223e-14  1.612720986038165e-14
2.900000000000000e+01  4.667932707036471e-13  -8.015810237793630e-14  2.093149535869929e-14
2.925000000000000e+01  5.040412531798211e-13  -9.303668946358812e-14  2.265197849791443e-14
2.950000000000000e+01  3.227418332585330e-13  1.521005543736465e-13  1.576790088725607e-14
2.975000000000000e+01  2.104288965298906e-13  3.468336728928989e-13  1.792856469235779e-14
3.000000000000000e+01  -3.040623308692148e-14  5.657696533489798e-13  2.503980579673503e-14
3.025000000000000e+01  -4.840294831609526e-13  -1.132427485117660e-14  2.139713673574600e-14
3.050000000000000e+01  7.796541190430162e-14  -1.290079154614432e-13  6.661697844697802e-15
3.075000000000000e+01  2.123301534595612e-15  3.552713678800501e-15  1.829136146131399e-16
3.100000000000000e+01  2.605068938343891e-13  7.549516567451064e-15  1.151772046196336e-14
3.125000000000000e+01  -1.350169975822269e-13  2.520206265899105e-13  1.263551433019081e-14
3.150000000000000e+01  6.064940216710113e-14  -3.601563491884008e-13  1.614091667475714e-14
3.175000000000000e+01  8.492356123879219e-13  8.413270080609436e-13  5.283065996655071e-14
3.200000000000000e+01  -3.204079029722055e-14  -9.126033262418787e-14  4.274529523075982e-15
3.225000000000000e+01  -5.297498550937974e-13  1.157074436264338e-12  5.624055754129169e-14
3.250000000000000e+01  -2.080523253678024e-13  2.886579864025407e-15  9.195585561393934e-15
3.275000000000000e+01  -1.022099072045535e-14  -2.433608869978343e-13  1.076461488110179e-14
3.300000000000000e+01  3.868433351428280e-14  -1.607602939657227e-13  7.307470195290450e-15
3.325000000000000e+01  4.813649479018522e-13  -3.548272786702000e-13  2.642850802892340e-14
3.350000000000000e+01  2.423061751244404e-14  2.913225216616411e-13  1.291921522296189e-14
3.375000000000000e+01  -1.088296119888810e-13  -3.597122599785507e-14  5.065549533953432e-15
3.400000000000000e+01  2.473576898864849e-13  -2.020605904817785e-13  1.411547722220516e-14
3.425000000000000e+01  -1.873223798298795e-13  2.251532293939818e-13  1.294396356442513e-14
3.450000000000000e+01  6.317169010117141e-14  4.996003610813204e-14  3.559392185583044e-15
3.475000000000000e+01  1.951216965778713e-13  2.531308496145357e-14  8.695503142080444e-15
3.500000000000000e+01  -5.630773625142638e-13  5.502265310042276e-13  3.479306435682008e-14
3.525000000000000e+01  -2.289834988289385e-13  -2.404743071338089e-13  1.467495043162864e-14
3.550000000000000e+01  -2.359223927328458e-14  3.330669073875470e-15  1.052978578848975e-15
3.575000000000000e+01  -1.350586309456503e-13  1.385558334732195e-13  8.551150414012732e-15
3.600000000000000e+01  -9.406364576136639e-14  4.258815522462101e-13  1.927509859317162e-14
3.625000000000000e+01  -5.309641615269811e-14  -2.136069099378801e-13  9.727452030757274e-15
3.650000000000000e+01  -7.330247520087596e-14  -4.130029651605582e-14  3.718347499984758e-15
3.675000000000000e+01  -3.289035710452026e-14  4.478639681337882e-13  1.984627983593356e-14
3.700000000000000e+01  -3.667066650336892e-13  -4.634070904785403e-13  2.611647250501693e-14
3.725000000000000e+01  -6.750711101233264e-13  -4.796163466380676e-13  3.659728163161047e-14
3.750000000000000e+01  -2.844946500601964e-13  2.282618538629322e-13  1.611971084778034e-14
3.775000000000000e+01  -9.909295606291835e-13  -4.101163852965328e-13  4.739579119173256e-14
3.800000000000000e+01  -7.334133300673784e-13  -2.211786309658237e-12  1.029818494352748e-13
3.825000000000000e+01  7.883693697863237e-13  -5.140332604014475e-13  4.159318547739154e-14
3.850000000000000e+01  3.701483564100272e-13  5.151434834260726e-14  1.651606307591945e-14
3.875000000000000e+01  3.624323063888824e-13  -2.322586567515828e-13  1.902410376658787e-14
3.900000000000000e+01  7.223666109723581e-13  -3.841371665203042e-14  3.196950250442283e-14
3.925000000000000e+01  3.701483564100272e-13  6.727951529228449e-14  1.662642962197920e-14
3.950000000000000e+01  3.022027073029676e-13  -1.467714838554457e-13  1.484742354374813e-14
3.975000000000000e+01  -4.329869796038111e-14  -2.425837308805967e-13  1.089022315731148e-14
4.000000000000000e+01  3.067546217039308e-13  -6.400000000000009e+01  2.828427124746194e+00
4.025000000000000e+01  9.431899705703017e-13  1.553202011450594e-13  4.224490736384656e-14
4.050000000000000e+01  1.333377852574813e-13  1.461053500406706e-13  8.741707933436688e-15
4.075000000000000e+01  1.208755318060639e-12  3.644862189844389e-13  5.579572856161644e-14
4.100000000000000e+01  -4.302669331934794e-13  1.433297924791077e-13  2.004258470321625e-14
4.125000000000000e+01  -9.585110483101290e-13  2.717825964282383e-13  4.403055600619374e-14
4.150000000000000e+01  5.891953591685706e-13  -3.254063685176334e-13  2.974633892709578e-14
4.175000000000000e+01  3.675393323021581e-13  1.705302565824240e-13  1.790631703735180e-14
4.200000000000000e+01  2.909894547542535e-13  8.577583088253959e-13  4.002987602875266e-14
4.225000000000000e+01  -3.791411629094910e-13  -7.871481244592360e-14  1.711313703564310e-14
4.250000000000000e+01  4.252154184314350e-14  2.754463324095013e-13  1.231731850182172e-14
4.275000000000000e+01  9.725553695716371e-13  2.781108676686017e-13  4.470409660334392e-14
4.300000000000000e+01  3.500533196643119e-13  2.007283228522283e-13  1.783327660030196e-14
4.325000000000000e+01  7.671641100159832e-13  -1.533217997007341e-13  3.457465727528324e-14
4.350000000000000e+01  1.439959262938828e-13  1.406541549897611e-12  6.248584149594421e-14
4.375000000000000e+01  -3.533839887381873e-13  -1.475486399726833e-13  1.692416706858655e-14
4.400000000000000e+01  -8.951728247552637e-13  4.525269048372138e-13  4.432909125625302e-14
4.425000000000000e+01  -1.020517004235444e-12  -3.240741008880832e-13  4.732036301074786e-14
4.450000000000000e+01  -3.478328736150615e-13  -2.590150316450490e-13  1.916603515302797e-14
4.475000000000000e+01  2.775557561562891e-15  1.811883976188256e-13  8.008411002201740e-15
4.500000000000000e+01  -1.680877659282487e-13  -7.416289804496046e-14  8.119425070709205e-15
4.525000000000000e+01  -3.169686735304822e-13  2.087219286295294e-14  1.403850650572533e-14
4.550000000000000e+01  -1.021849271864994e-12  1.474376176702208e-13  4.562743541263905e-14
4.575000000000000e+01  -6.089573290068984e-13  -2.886579864025407e-13  2.978282267834624e-14
4.600000000000000e+01  7.138734048339757e-14  -7.867040352493859e-13  3.491058308655529e-14
4.625000000000000e+01  8.126832540256146e-13  -2.484679129111100e-13  3.755699770224420e-14
4.650000000000000e+01  6.272760089132134e-13  -2.042810365310288e-13  2.915495821241624e-14
4.675000000000000e+01  3.856914787547794e-13  -3.407274462574605e-13  2.274403722584071e-14
4.700000000000000e+01  2.603472992745992e-13  -4.691802502065912e-13  2.371341027771033e-14
4.725000000000000e+01  2.262634524186069e-13  -1.052491427344648e-13  1.102841960384402e-14
4.750000000000000e+01  9.016121182980896e-13  3.563815909046753e-13  4.284584126455464e-14
4.775000000000000e+01  5.505595979116151e-13  7.821521208484228e-13  4.227139369135978e-14
4.800000000000000e+01  1.366684543313568e-13  2.087219286295294e-14  6.109980763483434e-15
4.825000000000000e+01  -2.920996777788787e-13  -1.539879335155092e-13  1.459308118294136e-14
4.850000000000000e+01  -3.130828929442941e-14  9.030554082301023e-13  3.993376545802565e-14
4.875000000000000e+01  2.360334150353083e-13  -8.337774914934926e-14  1.106299628710592e-14
4.900000000000000e+01  2.614575222992244e-13  2.827738043720274e-13  1.702026941929041e-14
4.925000000000000e+01  -4.440892098500626e-15  1.830757767606883e-13  8.093262721717007e-15
4.950000000000000e+01  1.055933118720986e-12  -9.593437155785978e-13  6.304969387799858e-14
4.975000000000000e+01  2.063349491265853e-12  1.179945030571616e-12  1.050453900988099e-13
5.000000000000000e+01  -1.167954621905665e-13  2.507105634208529e-12  1.109196274429680e-13
5.025000000000000e+01  -1.650346526105295e-12  1.085131984268628e-12  8.728942384200454e-14
5.050000000000000e+01  -1.038280572629446e-12  -4.940492459581947e-14  4.593786977049413e-14
5.075000000000000e+01  -4.218847493575595e-15  1.862954235321013e-13  8.235283216419856e-15
5.100000000000000e+01  -4.859446178784310e-13  4.953815135877448e-13  3.066785953878145e-14
5.125000000000000e+01  -1.676436767183986e-13  -3.415046023746982e-13  1.681295281608863e-14
5.150000000000000e+01  -2.318145675417327e-13  -2.218225603201063e-13  1.417959870781619e-14
5.175000000000000e+01  6.938893903907228e-14  5.004885395010206e-13  2.233024517719188e-14
5.200000000000000e+01  -2.583488978302739e-13  -6.602496327445806e-13  3.133344267678601e-14
5.225000000000000e+01  5.551115123125783e-14  1.340816346839802e-12  5.930703287276798e-14
5.250000000000000e+01  2.604583215770617e-13  -3.914646384828302e-13  2.077986839680044e-14
5.275000000000000e+01  -2.989830605315547e-13  5.018208071305708e-14  1.339813359418509e-14
5.300000000000000e+01  -5.329070518200751e-14  -1.285638262515931e-13  6.150545688323216e-15
5.325000000000000e+01  -2.849942504212777e-13  1.742384014846721e-12  7.802648511140909e-14
5.350000000000000e+01  2.681188604469753e-13  -2.713385072183883e-13  1.685834298433614e-14
5.375000000000000e+01  2.942091015256665e-13  -3.141931159689193e-14  1.307626133389022e-14
5.400000000000000e+01  -1.396660564978447e-13  7.300826609935029e-13  3.285049286222417e-14
5.425000000000000e+01  -4.719558077681540e-13  -8.371081605673680e-14  2.118324926068205e-14
5.450000000000000e+01  -5.258016244624741e-13  -2.564060075371799e-13  2.585307755603244e-14
5.475000000000000e+01  3.040900864448304e-13  -1.582622921603161e-13  1.515014269953046e-14
5.500000000000000e+01  4.307665335545607e-14  2.454147995933909e-13  1.101171445869643e-14
5.525000000000000e+01  6.805667140952210e-14  -2.420286193682841e-13  1.111108356382173e-14
5.550000000000000e+01  1.532107773982716e-13  6.450395773072160e-14  7.346648746238273e-15
5.575000000000000e+01  -3.491651412446117e-13  1.389166559562227e-12  6.330265881786316e-14
5.600000000000000e+01  5.393463453629010e-13  -2.134958876354176e-13  2.563547706142983e-14
5.625000000000000e+01  -1.584288256140098e-13  7.567280135845067e-13  3.416804117522585e-14
5.650000000000000e+01  1.164623952831789e-13  6.994960166650799e-13  3.133919043497996e-14
5.675000000000000e+01  -2.439159985101469e-13  -6.633582572135310e-14  1.117120462178666e-14
5.700000000000000e+01  -7.007727731433988e-13  8.354983371816616e-13  4.819272732291787e-14
5.725000000000000e+01  -4.571898415406395e-13  -2.806643806252396e-13  2.370864185796864e-14
5.750000000000000e+01  1.517452830057664e-12  -8.236744619694036e-13  7.630508654037924e-14
5.775000000000000e+01  -5.551115123125783e-14  7.005507285384738e-14  3.950178285033435e-15
5.800000000000000e+01  -2.950972799453666e-13  -4.936051567483446e-13  2.541562539959547e-14
5.825000000000000e+01  9.503509090791340e-14  -4.385936058781681e-13  1.983309357670759e-14
5.850000000000000e+01  -1.081357225984903e-13  -1.445510378061954e-13  7.978038340787888e-15
5.875000000000000e+01  -1.008748640174417e-12  2.185862602033240e-12  1.063930024244324e-13
5.900000000000000e+01  8.084644065320390e-13  4.238276396506535e-13  4.034142772075523e-14
5.925000000000000e+01  9.836575998178887e-13  5.282441151166495e-13  4.934382162033398e-14
5.950000000000000e+01  5.107025913275720e-13  -5.636602296021920e-13  3.361460083221524e-14
5.975000000000000e+01  6.534772722943671e-13  -1.069699884226338e-13  2.926425680292244e-14
6.000000000000000e+01  -4.685141163918161e-14  9.058309657916652e-13  4.008596215672709e-14
6.025000000000000e+01  1.330047183500938e-13  -7.418510250545296e-13  3.330825484436312e-14
6.050000000000000e+01  -8.992806499463768e-14  -1.185995746055824e-13  6.577797047986636e-15
6.075000000000000e+01  5.468958619303521e-13  4.324873792427297e-13  3.081384432287966e-14
6.100000000000000e+01  -3.486100297322992e-14  5.744571485166716e-13  2.543436348177513e-14
6.125000000000000e+01  -7.400746682151293e-13  2.223221606811876e-13  3.415090756662824e-14
6.150000000000000e+01  5.924150059399835e-13  -3.330669073875470e-15  2.618170552761353e-14
6.175000000000000e+01  1.226130308396023e-12  1.806055305308973e-13  5.477250341657657e-14
6.200000000000000e+01  -3.348432642269472e-13  1.130970317397839e-12  5.212690850884694e-14
6.225000000000000e+01  -9.103828801926284e-13  7.886746811180956e-14  4.038431263716343e-14
6.250000000000000e+01  -2.402522625288839e-13  -6.396966290012074e-13  3.019897966268881e-14
6.275000000000000e+01  -5.506706202140776e-14  -7.160938508832260e-14  3.992249657636765e-15
6.300000000000000e+01  2.741584737009362e-12  -1.307280672602218e-12  1.342315340765752e-13
6.325000000000000e+01  -2.144950883575802e-13  -7.818051761532274e-14  1.008947628798794e-14
6.350000000000000e+01  5.686562332130052e-13  1.031959240282987e-12  5.207247400666396e-14
6.375000000000000e+01  -1.107114400156206e-12  -5.559077503880516e-13  5.474970965203299e-14
6.400000000000000e+01  -6.172840016915870e-14  3.850016555564663e-13  1.723213920043508e-14
6.425000000000000e+01  -1.507682867440963e-12  -7.102634452804679e-13  7.365435787870783e-14
6.450000000000000e+01  1.161293283757914e-13  2.090792816655807e-13  1.056972450145857e-14
6.475000000000000e+01  2.868816295631405e-13  4.935635233849212e-14  1.286476526585827e-14
6.500000000000000e+01  3.376410262490026e-12  9.434397707508424e-13  1.549333580381364e-13
6.525000000000000e+01  -2.033928581113287e-13  4.408418075030340e-13  2.145626702105888e-14
6.550000000000000e+01  4.467537451091630e-13  2.299549439754856e-13  2.220589840295780e-14
6.575000000000000e+01  8.815170815523743e-13  4.998085278984377e-13  4.478422507625755e-14
6.600000000000000e+01  -3.430589146091734e-13  1.720776299229954e-12  7.754485207773958e-14
6.625000000000000e+01  -6.799005802804459e-13  8.417294639073702e-13  4.781910267881224e-14
6.650000000000000e+01  -6.528111384795920e-14  -3.306799278846029e-13  1.489617967822127e-14
6.675000000000000e+01  -5.404565683875262e-13  6.772360450213455e-14  2.407182404252616e-14
6.700000000000000e+01  -7.076561558960748e-13  -9.009459844833145e-14  3.152672079856847e-14
6.725000000000000e+01  2.347011474057581e-13  -6.457612222732223e-13  3.036535934924788e-14
6.750000000000000e+01  2.007283228522283e-13  3.609612608812540e-13  1.825304402332091e-14
6.775000000000000e+01  -9.459100169806334e-14  2.625399897482339e-13  1.233284358519820e-14
6.800000000000000e+01  8.151257446797899e-13  1.194017107408740e-12  6.389240883766345e-14
6.825000000000000e+01  1.358912982141192e-13  -1.363353874239692e-13  8.507095245748643e-15
6.850000000000000e+01  -1.578737141016973e-13  5.669076319492206e-13  2.600737473409500e-14
6.875000000000000e+01  7.798206524967100e-13  -4.565514633014800e-13  3.993548236059351e-14
6.900000000000000e+01  1.854072451124011e-13  -9.764411501578252e-14  9.260785491770165e-15
6.925000000000000e+01  -2.308153668195700e-12  -1.760258605543186e-12  1.282855983915419e-13
6.950000000000000e+01  3.710365348297273e-13  3.239075674343894e-13  2.176688561585019e-14
6.975000000000000e+01  3.108624468950438e-15  3.828604100419852e-13  1.692075724168523e-14
7.000000000000000e+01  2.657873920952625e-13  -4.868883074493624e-13  2.451494927079036e-14
7.025000000000000e+01  8.619771563189715e-13  -1.434408147815702e-13  3.861822061664142e-14
7.050000000000000e+01  1.685096506776063e-12  3.475553178589053e-13  7.603896174568088e-14
7.075000000000000e+01  -2.629008122312371e-13  5.018208071305708e-14  1.182845139052115e-14
7.100000000000000e+01  -2.302602553072575e-13  -2.781663788198330e-13  1.595870644771010e-14
7.125000000000000e+01  -2.132738430304926e-13  9.153788838034416e-14  1.025694478242816e-14
7.150000000000000e+01  -3.586020369539256e-13  -1.522337811366015e-12  6.911985504166515e-14
7.175000000000000e+01  7.225331444260519e-13  7.032152637975742e-13  4.455872731295380e-14
7.200000000000000e+01  5.840883332552949e-13  -3.937961068345430e-13  3.113210745917455e-14
7.225000000000000e+01  -5.202505093393484e-13  -5.778710843173940e-14  2.313344197128846e-14
7.250000000000000e+01  -1.054711873393899e-13  -7.761014053642157e-13  3.461443777211288e-14
7.275000000000000e+01  1.012745443063068e-12  4.938272013532696e-13  4.979486508026840e-14
7.300000000000000e+01  -1.594280263361725e-13  2.698397061351443e-13  1.385124392178401e-14
7.325000000000000e+01  -5.506706202140776e-14  8.918976668326195e-13  3.949173740275507e-14
7.350000000000000e+01  1.389999226830696e-13  7.227551890309769e-14  6.923794053757687e-15
7.375000000000000e+01  1.144195849178686e-12  9.534595335480844e-13  6.582216250577350e-14
7.400000000000000e+01  -4.444222767574502e-13  6.245004513516506e-13  3.387453798741356e-14
7.425000000000000e+01  -1.415534356397075e-13  9.291456493087935e-13  4.153662288352406e-14
7.450000000000000e+01  -7.611689056830073e-13  3.269606807521086e-13  3.661138264705661e-14
7.475000000000000e+01  1.364242052659392e-12  -1.468269950066770e-12  8.857567633669362e-14
7.500000000000000e+01  -3.161915174132446e-13  6.847855615887966e-13  3.333390321583542e-14
7.525000000000000e+01  -1.125766146969909e-13  8.215650382226158e-15  4.988461508163918e-15
7.550000000000000e+01  3.667066650336892e-13  -3.193001418821950e-13  2.148883970818669e-14
7.575000000000000e+01  7.485123632022805e-13  8.248957072964913e-13  4.922690777201643e-14
7.600000000000000e+01  -6.598055435347305e-13  -6.948885911128855e-13  4.234838557047724e-14
7.625000000000000e+01  7.588374373312945e-13  1.439737218333903e-12  7.192494886912951e-14
7.650000000000000e+01  -3.940181514394681e-13  4.354294702579864e-13  2.595252303007954e-14
7.675000000000000e+01  7.116529587847253e-14  -6.805667140952210e-14  4.351770890614847e-15
7.700000000000000e+01  8.456568778569817e-13  2.303712776097200e-13  3.873503946622370e-14
7.725000000000000e+01  -5.817568649035820e-14  6.594724766273430e-14  3.886437247447662e-15
7.750000000000000e+01  1.123989790130509e-12  -6.299405441723138e-13  5.694326496455663e-14
7.775000000000000e+01  3.120170788406540e-12  1.863731391438250e-12  1.606198956403085e-13
7.800000000000000e+01  3.336220188998595e-13  4.177547197059539e-12  1.852110506200609e-13
7.825000000000000e+01  -2.868261184119092e-12  1.247335568166363e-12  1.382279610593575e-13
7.850000000000000e+01  -9.804379530464757e-13  4.107825191113079e-15  4.333002563000852e-14
7.875000000000000e+01  -5.087041898832467e-13  5.436762151589392e-13  3.290504151788283e-14
7.900000000000000e+01  -1.365685342591405e-12  -1.632027846198980e-14  6.035964489096534e-14
7.925000000000000e+01  -4.389821839367869e-13  3.407274462574605e-13  2.455862526877020e-14
7.950000000000000e+01  8.477663016037695e-13  -7.371880883511040e-14  3.760771417996311e-14
7.975000000000000e+01  -4.508615703002761e-13  4.051203816857196e-13  2.678760059006188e-14
8.000000000000000e+01  -7.488454301096681e-13  -4.960476474025199e-13  3.969691686237531e-14
8.025000000000000e+01  -8.402167850363185e-13  8.445466548323566e-13  5.264903136805756e-14
8.050000000000000e+01  1.665334536937735e-15  3.362865541589599e-13  1.486208866172973e-14
8.075000000000000e+01  -1.014743844507393e-13  -1.553202011450594e-13  8.199349200474665e-15
8.100000000000000e+01  -7.233103005432895e-13  -5.118128143521972e-14  3.204602751930901e-14
8.125000000000000e+01  -5.409006575973763e-13  -1.628697177125105e-13  2.496482159088075e-14
8.150000000000000e+01  1.751931932858497e-13  9.316991622654314e-13  4.189728846992871e-14
8.175000000000000e+01  -6.195044477408373e-13  -7.163158954881510e-13  4.185387113638261e-14
8.200000000000000e+01  -1.043942710055035e-12  6.566969190657801e-13  5.450536142972575e-14
8.225000000000000e+01  3.536060333431124e-13  -4.160005673270462e-13  2.412911634381476e-14
8.250000000000000e+01  6.770140004164205e-13  1.465605414807669e-12  7.134789312150529e-14
8.275000000000000e+01  -2.243760732767441e-13  -1.746380817735371e-13  1.256569314709135e-14
8.300000000000000e+01  -5.544453784978032e-13  -7.693845560652335e-14  2.473804965947136e-14
8.325000000000000e+01  -5.511147094239277e-13  5.857536677922326e-13  3.554362367755691e-14
8.350000000000000e+01  9.664491429361988e-13  -9.694467451026867e-13  6.049681902588431e-14
8.375000000000000e+01  -3.844702334276917e-13  -1.134869975771835e-12  5.295463901827007e-14
8.400000000000000e+01  -3.288924688149564e-12  1.782129999128301e-12  1.653181883361642e-13
8.425000000000000e+01  -1.913802449848845e-12  -3.996802888650564e-14  8.459736047407560e-14
8.450000000000000e+01  -4.606315329169774e-13  -1.162070439875151e-12  5.524429262710567e-14
8.475000000000000e+01  6.111777750561487e-13  -2.764455331316640e-13  2.964504877738842e-14
8.500000000000000e+01  -2.164934898019055e-13  5.404565683875262e-13  2.573007168178249e-14
8.525000000000000e+01  -7.390754674929667e-13  -6.411537967210279e-13  4.324057740791394e-14
8.550000000000000e+01  -1.220801237877822e-12  -1.419753203890650e-12  8.275121343476099e-14
8.575000000000000e+01  8.646416915780719e-13  5.330180741225377e-13  4.488948064927351e-14
8.600000000000000e+01  -8.288925101851419e-13  1.681765837702187e-12  8.286141393049522e-14
8.625000000000000e+01  -6.102340854852173e-13  1.087019363410491e-12  5.509219431151096e-14
8.650000000000000e+01  1.061373211541650e-13  3.350653088318722e-13  1.553309798641051e-14
8.675000000000000e+01  -3.457789610195050e-13  1.185052056484892e-12  5.455629737193641e-14
8.700000000000000e+01  3.478883847662928e-13  1.842970220877760e-13  1.739879893291636e-14
8.725000000000000e+01  -5.961342530724778e-13  1.169619956442602e-12  5.801715280770212e-14
8.750000000000000e+01  -1.059263787794862e-12  1.199929045014869e-12  7.073649226734881e-14
8.775000000000000e+01  -1.127709037263003e-12  6.612488334667432e-13  5.777410367661521e-14
8.800000000000000e+01  -4.724665103594816e-12  6.400000000000120e+01  2.828427124746243e+00
8.825000000000000e+01  -1.068922728109101e-12  -1.974753693900766e-12  9.923779787872263e-14
8.850000000000000e+01  -2.163269563482118e-13  -6.731282198302324e-13  3.124684210215223e-14
8.875000000000000e+01  -7.238099009043708e-13  7.653877531765829e-13  4.655556125648192e-14
8.900000000000000e+01  -1.227906665235423e-12  -5.384581669432009e-13  5.925468032802295e-14
8.925000000000000e+01  -4.486966354022570e-13  -5.966338534335591e-13  3.299208669574594e-14
8.950000000000000e+01  -1.574129715464778e-12  4.778399897986674e-13  7.270197374384018e-14
8.975000000000000e+01  -2.813971278214922e-12  -1.608491118076927e-12  1.432442054862004e-13
9.000000000000000e+01  1.573186025893847e-13  -3.873346088312246e-12  1.713204637341120e-13
9.025000000000000e+01  3.806621684532274e-12  -1.962652262932352e-12  1.892747907017855e-13
9.050000000000000e+01  1.181776898562248e-12  2.002398247213932e-12  1.027568749450770e-13
9.075000000000000e+01  -1.117383963133989e-12  -7.749356711883593e-13  6.009550042219863e-14
9.100000000000000e+01  1.165678664705183e-12  -8.075762281123389e-13  6.267142293780195e-14
9.125000000000000e+01  3.372302437298913e-13  -5.655476087440547e-13  2.910005419890787e-14
9.150000000000000e+01  -3.915201496340615e-13  -4.996003610813204e-14  1.744321326528936e-14
9.175000000000000e+01  1.539601779398936e-12  1.148192652067337e-12  8.487951025145551e-14
9.200000000000000e+01  -9.745537710159624e-13  -1.998401444325282e-15  4.306968930847364e-14
9.225000000000000e+01  -3.195499420627357e-13  -5.679900993982301e-13  2.880175092627797e-14
9.250000000000000e+01  7.466249840604178e-14  1.521449632946315e-12  6.732012309232243e-14
9.275000000000000e+01  -2.641220575583247e-13  -8.311129562343922e-13  3.854049228443241e-14
9.300000000000000e+01  1.341260436049652e-12  -9.703349235223868e-14  5.943081350320457e-14
9.325000000000000e+01  -1.599304022548154e-12  8.197886813832156e-13  7.942452734680362e-14
9.350000000000000e+01  -4.386491170293994e-13  -2.187139358511558e-13  2.166185594858070e-14
9.375000000000000e+01  5.392492008482463e-13  8.437694987151190e-13  4.425460488878167e-14
9.400000000000000e+01  -8.838069165406637e-13  -1.662670001678634e-12  8.321642294210668e-14
9.425000000000000e+01  3.652605995441149e-12  -9.718892357568620e-13  1.670405267799968e-13
9.450000000000000e+01  6.588340983881835e-13  -1.010080907803967e-12  5.329615461454398e-14
9.475000000000000e+01  -6.756539772112546e-13  -2.340350135909830e-13  3.160055516805880e-14
9.500000000000000e+01  6.421807530188062e-13  6.492584248007915e-13  4.035808037806016e-14
9.525000000000000e+01  -3.144984273006912e-13  5.246914014378490e-13  2.703478400010744e-14
9.550000000000000e+01  9.103828801926284e-14  -3.681499549657019e-13  1.676016245042692e-14
9.575000000000000e+01  3.009504104256600e-12  2.086775197085444e-12  1.618481256450655e-13
9.600000000000000e+01  4.650426034014122e-13  1.827649143137933e-12  8.334517379491539e-14
9.625000000000000e+01  -1.942997845949535e-12  5.322409180053000e-13  8.903257199092722e-14
9.650000000000000e+01  1.305865138245821e-13  -3.308464613382967e-13  1.571922952629216e-14
9.675000000000000e+01  -8.479675295269828e-13  5.440092820663267e-14  3.755226545580125e-14
9.700000000000000e+01  -2.259047116037749e-12  -1.074917932442077e-12  1.105626804863919e-13
9.725000000000000e+01  1.048661157909692e-12  -9.652278976091110e-13  6.298801842958966e-14
9.750000000000000e+01  -4.082845173059013e-14  -4.480860127387132e-13  1.988482644676487e-14
9.775000000000000e+01  6.397521401524386e-13  7.758238496080594e-13  4.444065228029659e-14
9.800000000000000e+01  -2.702837953449944e-13  2.212452443473012e-12  9.850443304443638e-14
9.825000000000000e+01  -1.893610268588475e-12  1.385780379337120e-12  1.037024279965601e-13
9.850000000000000e+01  -1.761285561840964e-12  -5.850875339774575e-13  8.202103213464309e-14
9.875000000000000e+01  3.259614800299460e-13  8.304468224196171e-13  3.942687087671558e-14
9.900000000000000e+01  -1.379063530038138e-12  -5.839773109528323e-14  6.100119291351386e-14
9.925000000000000e+01  6.841749389252527e-13  1.414424133372449e-12  6.943818879214766e-14
9.950000000000000e+01  -8.276712648580542e-13  1.086908341108028e-12  6.037657646495687e-14
9.975000000000000e+01  -2.508326879535616e-12  -1.093791723860704e-12  1.209345451010704e-13
1.000000000000000e+02  4.083955396083638e-13  -2.384759056894836e-13  2.090051184174507e-14
1.002500000000000e+02  7.702172233337023e-13  -1.278976924368180e-13  3.450521900205770e-14
1.005000000000000e+02  3.666511538824580e-13  -3.919087276926803e-13  2.371813320529686e-14
1.007500000000000e+02  9.089951014118469e-14  -2.624567230213870e-13  1.227502644496836e-14
1.010000000000000e+02  3.045896868059117e-13  3.343991750170972e-13  1.999011892437416e-14
1.012500000000000e+02  -9.572898029830412e-13  7.671641100159832e-13  5.421572467409574e-14
1.015000000000000e+02  3.385625113594415e-13  2.511324481702104e-13  1.862940806801965e-14
1.017500000000000e+02  -2.592370762499741e-13  -5.349054532644004e-13  2.626962457035947e-14
1.020000000000000e+02  -1.851852005074761e-13  -1.058708676282549e-12  4.749912868697036e-14
1.022500000000000e+02  1.443845043525016e-13  -3.190780972772700e-13  1.547791504117644e-14
1.025000000000000e+02  1.940669847044774e-13  -3.856914787547794e-13  1.908144096573374e-14
1.027500000000000e+02  -5.714873019257993e-13  -6.550315845288424e-14  2.542177032206988e-14
1.030000000000000e+02  6.944445019030354e-14  6.483702463810914e-13  2.881807524877340e-14
1.032500000000000e+02  -6.879496972089783e-13  3.206324095117452e-13  3.354334672058306e-14
1.035000000000000e+02  1.146249761774243e-12  -7.100986465502501e-13  5.959053976998476e-14
1.037500000000000e+02  -3.523292768647934e-13  1.127209436901921e-12  5.219287086840469e-14
1.040000000000000e+02  -6.742939540060888e-13  1.236788449432424e-12  6.225448661446120e-14
1.042500000000000e+02  -5.778155731661627e-13  6.991074386064611e-13  4.008345900928315e-14
1.045000000000000e+02  8.827383268794620e-13  -3.529398995283373e-13  4.201454190266821e-14
1.047500000000000e+02  -3.877453913503359e-13  4.273248421782228e-13  2.550095775070533e-14
1.050000000000000e+02  -2.136624210891114e-13  3.598232822810132e-13  1.849432053113824e-14
1.052500000000000e+02  2.278344179984515e-12  5.972999872483342e-13  1.040922393431753e-13
1.055000000000000e+02  -5.307421169220561e-13  2.986499936241671e-14  2.349281442927278e-14
1.057500000000000e+02  -4.780065232523611e-13  4.778399897986674e-13  2.987020398619591e-14
1.060000000000000e+02  -4.362066263752240e-13  -6.903366767119223e-13  3.608910814597806e-14
1.062500000000000e+02  1.472377775257883e-12  -6.274980535181385e-13  7.073346372897657e-14
1.065000000000000e+02  1.971756091734278e-13  7.919220834651242e-13  3.606685434967912e-14
1.067500000000000e+02  -5.310196726782124e-13  1.061262189239187e-12  5.244527145704538e-14
1.070000000000000e+02  7.032152637975742e-13  7.127631818093505e-14  3.123724804730704e-14
1.072500000000000e+02  -3.776978729774783e-13  1.100008972798605e-12  5.139984617197072e-14
1.075000000000000e+02  -8.805178808302117e-13  2.126410159064562e-12  1.017131757596559e-13
1.077500000000000e+02  3.194111641846575e-13  5.013434112299819e-12  2.220137994117764e-13
1.080000000000000e+02  -1.719935305288800e-11  2.560000000000003e+02  1.131370849898478e+01
1.082500000000000e+02  -1.743050148661496e-14  -5.645706124823846e-12  2.495085069874229e-13
1.085000000000000e+02  -1.517341807755201e-12  -3.199884801574626e-12  1.565097148099841e-13
1.087500000000000e+02  2.755573547119639e-13  -2.303601753794737e-12  1.025315585546832e-13
1.090000000000000e+02  1.213695810520221e-12  -3.963829264819196e-12  1.832060398814563e-13
1.092500000000000e+02  -8.570921750106208e-13  -5.561662241859722e-12  2.486946149435861e-13
1.095000000000000e+02  -2.773337115513641e-13  -2.443600877199970e-13  1.633546276709647e-14
1.097500000000000e+02  -1.223909862346773e-12  -9.722223026642496e-13  6.907835729925134e-14
1.100000000000000e+02  4.422018307081999e-13  9.470202400052585e-14  1.998588038854515e-14
1.102500000000000e+02  -9.958700530887654e-14  -3.693712002927896e-13  1.690695211296958e-14
1.105000000000000e+02  -5.008216064084081e-13  -2.380318164796336e-13  2.450611479424624e-14
1.107500000000000e+02  -1.473376975980045e-12  2.688960165642129e-13  6.619019678571479e-14
1.110000000000000e+02  2.667865928174251e-13  5.042632977847461e-13  2.521224589298843e-14
1.112500000000000e+02  -8.635314685534468e-13  -4.450884105722253e-13  4.293414038912040e-14
1.115000000000000e+02  -8.604228440844963e-13  1.852518138889536e-12  9.027032888186379e-14
1.117500000000000e+02  -2.648992136755624e-13  -1.140421090894961e-12  5.174176900808384e-14
1.120000000000000e+02  -3.176348073452573e-13  -8.179013022413528e-13  3.877656375406371e-14
1.122500000000000e+02  2.579048086204239e-13  -2.184585845554921e-12  9.721643667800242e-14
1.125000000000000e+02  4.796163466380676e-14  6.369349492274523e-13  2.822850564848390e-14
1.127500000000000e+02  -7.105427357601002e-14  -8.711920074233603e-13  3.862945523435004e-14
1.130000000000000e+02  8.240075288767912e-13  -8.190115252659780e-13  5.134458280981874e-14
1.132500000000000e+02  -3.116396030122814e-13  -1.921129921811371e-12  8.601257423795816e-14
1.135000000000000e+02  -6.064038160502605e-13  -6.027400800689975e-13  3.778592020974824e-14
1.137500000000000e+02  -4.042322032660195e-13  2.952083022478291e-13  2.212145168727923e-14
1.140000000000000e+02  6.202816038580750e-13  -1.456057496795893e-12  6.994490999144583e-14
1.142500000000000e+02  1.066480237454925e-12  -3.732347764184851e-12  1.715496917446679e-13
1.145000000000000e+02  2.711164626134632e-13  -5.541123115904156e-13  2.726263290015575e-14
1.147500000000000e+02  -1.801891968966629e-13  7.216449660063518e-14  8.578208816517591e-15
1.150000000000000e+02  -1.052935516554499e-12  -1.451283537790005e-12  7.924074656498444e-14
1.152500000000000e+02  -4.199973702156967e-13  -3.197442310920451e-13  2.332825223109746e-14
1.155000000000000e+02  5.293543381412746e-13  -1.262101534393878e-12  6.048495904245870e-14
1.157500000000000e+02  2.020050793305472e-12  -1.338040789278239e-12  1.070827509425611e-13
1.160000000000000e+02  -3.930189507173054e-13  1.598388088552838e-12  7.274350778122700e-14
1.162500000000000e+02  1.022515405679769e-13  -4.078959392472825e-13  1.858439758505792e-14
1.165000000000000e+02  -1.686428774405613e-13  -9.999778782798785e-13  4.481725430586660e-14
1.167500000000000e+02  2.008393451546908e-13  -8.435474541101939e-13  3.832194902590998e-14
1.170000000000000e+02  -1.327271625939375e-12  1.034727858950646e-12  7.437646678060397e-14
1.172500000000000e+02  -1.870725796493389e-13  2.854383396311278e-13  1.508253308544365e-14
1.175000000000000e+02  -8.222311720373909e-13  3.380629109983602e-13  3.928935706075369e-14
1.177500000000000e+02  -1.217026479594097e-12  1.372235658436694e-13  5.412629471344174e-14
1.180000000000000e+02  -1.938893490205373e-12  4.509725926027386e-13  8.797509685851367e-14
1.182500000000000e+02  -2.050581926482664e-13  -6.802336471878334e-13  3.139860532390567e-14
1.185000000000000e+02  8.981704269217516e-14  -3.774758283725532e-13  1.714797171426148e-14
1.187500000000000e+02  2.623457007189245e-13  7.729927808952652e-13  3.607563414425253e-14
1.190000000000000e+02  -6.475930902638538e-13  -7.757683384568281e-13  4.466002926427446e-14
1.192500000000000e+02  2.878808302853031e-13  -3.969047313034935e-13  2.166906358732808e-14
1.195000000000000e+02  -1.024846874031482e-12  6.131761765004740e-13  5.278005916803180e-14
1.197500000000000e+02  -6.875500169201132e-12  -5.465350394473489e-12  3.881611232964758e-13
1.200000000000000e+02  -1.143529715363911e-12  -3.755884492306905e-13  5.319346494746101e-14
1.202500000000000e+02  1.569078200702734e-12  -5.410727421661932e-12  2.489743712943479e-13
1.205000000000000e+02  7.923661726749742e-13  1.093292123499623e-12  5.967247551258946e-14
1.207500000000000e+02  -5.935252289646087e-13  -4.189426583423028e-13  3.210654711989023e-14
1.210000000000000e+02  1.022293361074844e-12  -7.863154571907671e-13  5.699807621333500e-14
1.212500000000000e+02  -1.296740492762183e-13  5.355160759279443e-13  2.435066199341385e-14
1.215000000000000e+02  -4.598543767997398e-13  -4.848343948538059e-13  2.953184319163269e-14
1.217500000000000e+02  -1.965982932006227e-12  -3.075817378572765e-12  1.613283569021943e-13
1.220000000000000e+02  1.051159159715098e-12  2.798872245080020e-13  4.807368281590121e-14
1.222500000000000e+02  2.042810365310288e-13  -7.641109966982640e-13  3.495522686353031e-14
1.225000000000000e+02  9.459100169806334e-14  2.178257574314557e-13  1.049511774540444e-14
1.227500000000000e+02  -2.295941214924824e-13  -3.765876499528531e-13  1.949217184222404e-14
1.230000000000000e+02  4.318323476582009e-12  3.589739616671750e-12  2.481735947529895e-13
1.232500000000000e+02  1.370015212387443e-13  -9.888201368823957e-13  4.411753389220861e-14
1.235000000000000e+02  -1.474598221307133e-12  -4.023448241241567e-13  6.755092511541608e-14
1.237500000000000e+02  -2.174926905240682e-12  8.524014827315796e-13  1.032375837239982e-13
1.240000000000000e+02  7.993605777301127e-15  -3.005207194206605e-12  1.328131189532964e-13
1.242500000000000e+02  6.779021788361206e-13  5.796474411567942e-13  3.941819357340698e-14
1.245000000000000e+02  1.180389119781466e-12  -1.582400876998236e-12  8.724640717915215e-14
1.247500000000000e+02  -5.622169396701793e-13  3.179123631014136e-13  2.854396820397858e-14
1.250000000000000e+02  -2.575717417130363e-14  -2.144118216307334e-13  9.543881105466160e-15
1.252500000000000e+02  6.192824031359123e-13  -5.682398995787707e-13  3.714433624987152e-14
1.255000000000000e+02  7.038813976123492e-14  -5.683231663056176e-13  2.530847620713520e-14
1.257500000000000e+02  -9.217071550438050e-13  -7.358003095703225e-13  5.212189317822107e-14
1.260000000000000e+02  6.845635169838715e-13  -9.268558143205041e-13  5.092290644715296e-14
1.262500000000000e+02  -4.696243394164412e-13  -7.271960811294775e-13  3.825697343965538e-14
1.265000000000000e+02  3.994582442601313e-13  2.559480405395220e-13  2.096669086216946e-14
1.267500000000000e+02  1.476596622751458e-13  -7.510936317345340e-13  3.382933440376736e-14
1.270000000000000e+02  1.283417816466681e-13  -6.297809496125240e-13  2.840470834001014e-14
1.272500000000000e+02  -1.407762795224699e-13  -8.972822485020515e-13  4.013973138731587e-14
1.275000000000000e+02  -1.818545314336006e-13  -4.997391389593986e-14  8.334845748916354e-15
1.277500000000000e+02  1.145750161413162e-12  2.071572080541984e-13  5.145647320997789e-14
