   0.0000000e+00   1.5000000e+00   0.0000000e+00   1.6875000e+01
   2.0000000e-02   1.5000000e+00   0.0000000e+00   1.9102500e+01
   4.0000000e-02   1.5000000e+00   5.0342131e-01   1.5666510e+01
   6.0000000e-02   1.5000000e+00   5.8162268e-01   1.6266664e+01
   8.0000000e-02   1.5000000e+00   6.9892473e-01   1.6310806e+01
   1.0000000e-01   1.5000000e+00   8.3577713e-01   1.5960814e+01
   1.2000000e-01   1.5000000e+00   9.7751711e-01   1.5352610e+01
   1.4000000e-01   1.5000000e+00   1.1094819e+00   1.4643893e+01
   1.6000000e-01   1.5000000e+00   1.2170088e+00   1.4014135e+01
   1.8000000e-01   1.5000000e+00   1.5835777e+00   1.0310477e+01
   2.0000000e-01   1.5000000e+00   1.6666667e+00   9.2516129e+00
   2.2000000e-01   1.5000000e+00   1.7253177e+00   8.3442889e+00
   2.4000000e-01   1.5000000e+00   1.7790811e+00   7.4048534e+00
   2.6000000e-01   1.5000000e+00   1.8328446e+00   6.3855792e+00
   2.8000000e-01   1.5000000e+00   1.8719453e+00   5.4514223e+00
   3.0000000e-01   1.5000000e+00   1.9354839e+00   4.1842742e+00
   3.2000000e-01   1.5000000e+00   1.9843597e+00   2.9877273e+00
   3.4000000e-01   1.5000000e+00   2.0185728e+00   1.8835557e+00
   3.6000000e-01   1.5000000e+00   2.0087977e+00   1.2234457e+00
   3.8000000e-01   1.5000000e+00   1.9941349e+00   6.3283724e-01
   4.0000000e-01   1.5000000e+00   1.9550342e+00   3.3892962e-01
   4.2000000e-01   1.5000000e+00   1.9257087e+00  -6.8841642e-03
   4.4000000e-01   1.5000000e+00   1.8670577e+00   2.0762463e-02
   4.6000000e-01   1.5000000e+00   1.8279570e+00  -8.4435484e-02
   4.8000000e-01   1.5000000e+00   1.7741935e+00   3.3387097e-02
   5.0000000e-01   1.5000000e+00   1.6520039e+00   1.0008431e+00
   5.2000000e-01   1.5000000e+00   1.5982405e+00   1.3799560e+00
   5.4000000e-01   1.5000000e+00   1.5542522e+00   1.7289370e+00
   5.6000000e-01   1.5000000e+00   1.5200391e+00   2.0332698e+00
   5.8000000e-01   1.5000000e+00   1.4956012e+00   2.2784384e+00
   6.0000000e-01   1.5000000e+00   1.4858260e+00   2.3949413e+00
   6.2000000e-01   1.5000000e+00   1.4858260e+00   2.4159897e+00
   6.4000000e-01   1.5000000e+00   1.5053763e+00   2.2170968e+00
   6.6000000e-01   1.5000000e+00   1.5200391e+00   2.0441569e+00
   6.8000000e-01   1.5000000e+00   1.5249267e+00   1.9594135e+00
   7.0000000e-01   1.5000000e+00   1.5347019e+00   1.8124267e+00
   7.2000000e-01   1.5000000e+00   1.5395894e+00   1.7059091e+00
   7.4000000e-01   1.5000000e+00   1.5347019e+00   1.7021041e+00
   7.6000000e-01   1.5000000e+00   1.5395894e+00   1.5955865e+00
   7.8000000e-01   1.5000000e+00   1.4809384e+00   2.1966202e+00
   8.0000000e-01   1.5000000e+00   1.4516129e+00   2.5548387e+00
   8.2000000e-01   1.5000000e+00   1.4565005e+00   2.5717082e+00
   8.4000000e-01   1.5000000e+00   1.4809384e+00   2.3613783e+00
   8.6000000e-01   1.5000000e+00   1.4907136e+00   2.2797141e+00
   8.8000000e-01   1.5000000e+00   1.5053763e+00   2.1285484e+00
   9.0000000e-01   1.5000000e+00   1.5200391e+00   1.9556085e+00
   9.2000000e-01   1.5000000e+00   1.5298143e+00   1.8158798e+00
   9.4000000e-01   1.5000000e+00   1.5395894e+00   1.6616349e+00
   9.6000000e-01   1.5000000e+00   1.5298143e+00   1.7128152e+00
   9.8000000e-01   1.5000000e+00   1.5347019e+00   1.6135557e+00
   1.0000000e+00   1.5000000e+00   1.5200391e+00   1.7269795e+00
   1.0200000e+00   1.5000000e+00   1.5004888e+00   1.9171628e+00
   1.0400000e+00   1.5000000e+00   1.5004888e+00   1.9164370e+00
   1.0600000e+00   1.5000000e+00   1.4907136e+00   2.0256818e+00
   1.0800000e+00   1.5000000e+00   1.4907136e+00   2.0394721e+00
   1.1000000e+00   1.5000000e+00   1.5004888e+00   1.9432918e+00
   1.1200000e+00   1.5000000e+00   1.4907136e+00   2.0525367e+00
   1.1400000e+00   1.5000000e+00   1.4956012e+00   2.0113416e+00
   1.1600000e+00   1.5000000e+00   1.5004888e+00   1.9628886e+00
   1.1800000e+00   1.5000000e+00   1.5102639e+00   1.8521921e+00
   1.2000000e+00   1.5000000e+00   1.5053763e+00   1.8919355e+00
   1.2200000e+00   1.5000000e+00   1.5151515e+00   1.7739809e+00
   1.2400000e+00   1.5000000e+00   1.5004888e+00   1.9164370e+00
   1.2600000e+00   1.5000000e+00   1.5102639e+00   1.8057405e+00
   1.2800000e+00   1.5000000e+00   1.5053763e+00   1.8454839e+00
   1.3000000e+00   1.5000000e+00   1.4907136e+00   2.0024560e+00
   1.3200000e+00   1.5000000e+00   1.5004888e+00   1.9062757e+00
   1.3400000e+00   1.5000000e+00   1.4956012e+00   1.9605352e+00
   1.3600000e+00   1.5000000e+00   1.4907136e+00   2.0220528e+00
   1.3800000e+00   1.5000000e+00   1.4956012e+00   1.9808578e+00
   1.4000000e+00   1.5000000e+00   1.4907136e+00   2.0423754e+00
   1.4200000e+00   1.5000000e+00   1.5053763e+00   1.8912097e+00
   1.4400000e+00   1.5000000e+00   1.5004888e+00   1.9382111e+00
   1.4600000e+00   1.5000000e+00   1.5053763e+00   1.8825000e+00
   1.4800000e+00   1.5000000e+00   1.5004888e+00   1.9295015e+00
   1.5000000e+00   1.5000000e+00   1.5004888e+00   1.9287757e+00
   1.5200000e+00   1.5000000e+00   1.5004888e+00   1.9280499e+00
   1.5400000e+00   1.5000000e+00   1.5053763e+00   1.8723387e+00
   1.5600000e+00   1.5000000e+00   1.5004888e+00   1.9193402e+00
   1.5800000e+00   1.5000000e+00   1.4956012e+00   1.9735997e+00
   1.6000000e+00   1.5000000e+00   1.4956012e+00   1.9801320e+00
   1.6200000e+00   1.5000000e+00   1.4956012e+00   1.9866642e+00
   1.6400000e+00   1.5000000e+00   1.5004888e+00   1.9382111e+00
   1.6600000e+00   1.5000000e+00   1.5053763e+00   1.8825000e+00
   1.6800000e+00   1.5000000e+00   1.4956012e+00   1.9844868e+00
   1.7000000e+00   1.5000000e+00   1.4956012e+00   1.9910191e+00
   1.7200000e+00   1.5000000e+00   1.5004888e+00   1.9425660e+00
   1.7400000e+00   1.5000000e+00   1.5004888e+00   1.9418402e+00
   1.7600000e+00   1.5000000e+00   1.5004888e+00   1.9411144e+00
   1.7800000e+00   1.5000000e+00   1.5053763e+00   1.8854032e+00
   1.8000000e+00   1.5000000e+00   1.5053763e+00   1.8774194e+00
   1.8200000e+00   1.5000000e+00   1.5004888e+00   1.9244208e+00
   1.8400000e+00   1.5000000e+00   1.4956012e+00   1.9786804e+00
   1.8600000e+00   1.5000000e+00   1.4907136e+00   2.0401979e+00
   1.8800000e+00   1.5000000e+00   1.4956012e+00   1.9990029e+00
   1.9000000e+00   1.5000000e+00   1.4956012e+00   2.0055352e+00
   1.9200000e+00   1.5000000e+00   1.5053763e+00   1.9020968e+00
   1.9400000e+00   1.5000000e+00   1.5102639e+00   1.8391276e+00
   1.9600000e+00   1.5000000e+00   1.5053763e+00   1.8788710e+00
   1.9800000e+00   1.5000000e+00   1.4956012e+00   1.9808578e+00
   2.0000000e+00   1.5000000e+00   1.4858260e+00   2.0973607e+00
   2.0200000e+00   1.5000000e+00   1.4956012e+00   2.0084384e+00
   2.0400000e+00   1.5000000e+00   1.4956012e+00   2.0149707e+00
   2.0600000e+00   1.5000000e+00   1.4907136e+00   2.0764883e+00
   2.0800000e+00   1.5000000e+00   1.5004888e+00   1.9803079e+00
   2.1000000e+00   1.5000000e+00   1.5004888e+00   1.9795821e+00
   2.1200000e+00   1.5000000e+00   1.5004888e+00   1.9788563e+00
   2.1400000e+00   1.5000000e+00   1.5053763e+00   1.9231452e+00
   2.1600000e+00   1.5000000e+00   1.5004888e+00   1.9701466e+00
   2.1800000e+00   1.5000000e+00   1.5004888e+00   1.9694208e+00
   2.2000000e+00   1.5000000e+00   1.5004888e+00   1.9686950e+00
   2.2200000e+00   1.5000000e+00   1.5004888e+00   1.9679692e+00
   2.2400000e+00   1.5000000e+00   1.4907136e+00   2.0772141e+00
   2.2600000e+00   1.5000000e+00   1.4907136e+00   2.0910044e+00
   2.2800000e+00   1.5000000e+00   1.5004888e+00   1.9948240e+00
   2.3000000e+00   1.5000000e+00   1.4956012e+00   2.0490836e+00
   2.3200000e+00   1.5000000e+00   1.4956012e+00   2.0556158e+00
   2.3400000e+00   1.5000000e+00   1.5004888e+00   2.0071628e+00
   2.3600000e+00   1.5000000e+00   1.5102639e+00   1.8964663e+00
   2.3800000e+00   1.5000000e+00   1.5053763e+00   1.9362097e+00
   2.4000000e+00   1.5000000e+00   1.5102639e+00   1.8732405e+00
   2.4200000e+00   1.5000000e+00   1.5102639e+00   1.8579985e+00
   2.4400000e+00   1.5000000e+00   1.5053763e+00   1.8977419e+00
   2.4600000e+00   1.5000000e+00   1.5053763e+00   1.8897581e+00
   2.4800000e+00   1.5000000e+00   1.5004888e+00   1.9367595e+00
   2.5000000e+00   1.5000000e+00   1.4956012e+00   1.9910191e+00
   2.5200000e+00   1.5000000e+00   1.4907136e+00   2.0525367e+00
   2.5400000e+00   1.5000000e+00   1.4907136e+00   2.0663270e+00
   2.5600000e+00   1.5000000e+00   1.4956012e+00   2.0251320e+00
   2.5800000e+00   1.5000000e+00   1.5004888e+00   1.9766789e+00
   2.6000000e+00   1.5000000e+00   1.5004888e+00   1.9759531e+00
   2.6200000e+00   1.5000000e+00   1.5102639e+00   1.8652566e+00
   2.6400000e+00   1.5000000e+00   1.5053763e+00   1.9050000e+00
   2.6600000e+00   1.5000000e+00   1.5004888e+00   1.9520015e+00
   2.6800000e+00   1.5000000e+00   1.4956012e+00   2.0062610e+00
   2.7000000e+00   1.5000000e+00   1.5004888e+00   1.9578079e+00
   2.7200000e+00   1.5000000e+00   1.4956012e+00   2.0120674e+00
   2.7400000e+00   1.5000000e+00   1.4956012e+00   2.0185997e+00
   2.7600000e+00   1.5000000e+00   1.4907136e+00   2.0801173e+00
   2.7800000e+00   1.5000000e+00   1.4956012e+00   2.0389223e+00
   2.8000000e+00   1.5000000e+00   1.4956012e+00   2.0454545e+00
   2.8200000e+00   1.5000000e+00   1.4956012e+00   2.0519868e+00
   2.8400000e+00   1.5000000e+00   1.5004888e+00   2.0035337e+00
   2.8600000e+00   1.5000000e+00   1.5004888e+00   2.0028079e+00
   2.8800000e+00   1.5000000e+00   1.5004888e+00   2.0020821e+00
   2.9000000e+00   1.5000000e+00   1.4956012e+00   2.0563416e+00
   2.9200000e+00   1.5000000e+00   1.5053763e+00   1.9529032e+00
   2.9400000e+00   1.5000000e+00   1.4956012e+00   2.0548900e+00
   2.9600000e+00   1.5000000e+00   1.5004888e+00   2.0064370e+00
   2.9800000e+00   1.5000000e+00   1.5004888e+00   2.0057111e+00
   3.0000000e+00   1.5000000e+00   1.5004888e+00   2.0049853e+00
   3.0200000e+00   1.5000000e+00   1.4956012e+00   2.0592449e+00
   3.0400000e+00   1.5000000e+00   1.4907136e+00   2.1207625e+00
   3.0600000e+00   1.5000000e+00   1.4907136e+00   2.1345528e+00
   3.0800000e+00   1.5000000e+00   1.4956012e+00   2.0933578e+00
   3.1000000e+00   1.5000000e+00   1.5004888e+00   2.0449047e+00
   3.1200000e+00   1.5000000e+00   1.5151515e+00   1.8792229e+00
   3.1400000e+00   1.5000000e+00   1.5053763e+00   1.9666935e+00
   3.1600000e+00   1.5000000e+00   1.5053763e+00   1.9587097e+00
   3.1800000e+00   1.5000000e+00   1.5053763e+00   1.9507258e+00
   3.2000000e+00   1.5000000e+00   1.5053763e+00   1.9427419e+00
   3.2200000e+00   1.5000000e+00   1.5004888e+00   1.9897434e+00
   3.2400000e+00   1.5000000e+00   1.4956012e+00   2.0440029e+00
   3.2600000e+00   1.5000000e+00   1.4956012e+00   2.0505352e+00
   3.2800000e+00   1.5000000e+00   1.4907136e+00   2.1120528e+00
   3.3000000e+00   1.5000000e+00   1.5053763e+00   1.9608871e+00
   3.3200000e+00   1.5000000e+00   1.5102639e+00   1.8979179e+00
   3.3400000e+00   1.5000000e+00   1.5102639e+00   1.8826760e+00
   3.3600000e+00   1.5000000e+00   1.5004888e+00   1.9774047e+00
   3.3800000e+00   1.5000000e+00   1.5004888e+00   1.9766789e+00
   3.4000000e+00   1.5000000e+00   1.4956012e+00   2.0309384e+00
   3.4200000e+00   1.5000000e+00   1.4956012e+00   2.0374707e+00
   3.4400000e+00   1.5000000e+00   1.4956012e+00   2.0440029e+00
   3.4600000e+00   1.5000000e+00   1.5004888e+00   1.9955499e+00
   3.4800000e+00   1.5000000e+00   1.5004888e+00   1.9948240e+00
   3.5000000e+00   1.5000000e+00   1.5004888e+00   1.9940982e+00
   3.5200000e+00   1.5000000e+00   1.5004888e+00   1.9933724e+00
   3.5400000e+00   1.5000000e+00   1.4956012e+00   2.0476320e+00
   3.5600000e+00   1.5000000e+00   1.4956012e+00   2.0541642e+00
   3.5800000e+00   1.5000000e+00   1.4907136e+00   2.1156818e+00
   3.6000000e+00   1.5000000e+00   1.5004888e+00   2.0195015e+00
   3.6200000e+00   1.5000000e+00   1.5004888e+00   2.0187757e+00
   3.6400000e+00   1.5000000e+00   1.4907136e+00   2.1280205e+00
   3.6600000e+00   1.5000000e+00   1.5004888e+00   2.0318402e+00
   3.6800000e+00   1.5000000e+00   1.4956012e+00   2.0860997e+00
   3.7000000e+00   1.5000000e+00   1.5004888e+00   2.0376466e+00
   3.7200000e+00   1.5000000e+00   1.5053763e+00   1.9819355e+00
   3.7400000e+00   1.5000000e+00   1.4956012e+00   2.0839223e+00
   3.7600000e+00   1.5000000e+00   1.5053763e+00   1.9804839e+00
   3.7800000e+00   1.5000000e+00   1.5004888e+00   2.0274853e+00
   3.8000000e+00   1.5000000e+00   1.5053763e+00   1.9717742e+00
   3.8200000e+00   1.5000000e+00   1.4956012e+00   2.0737610e+00
   3.8400000e+00   1.5000000e+00   1.5004888e+00   2.0253079e+00
   3.8600000e+00   1.5000000e+00   1.5004888e+00   2.0245821e+00
   3.8800000e+00   1.5000000e+00   1.5004888e+00   2.0238563e+00
   3.9000000e+00   1.5000000e+00   1.5102639e+00   1.9131598e+00
   3.9200000e+00   1.5000000e+00   1.5053763e+00   1.9529032e+00
   3.9400000e+00   1.5000000e+00   1.5102639e+00   1.8899340e+00
   3.9600000e+00   1.5000000e+00   1.5053763e+00   1.9296774e+00
   3.9800000e+00   1.5000000e+00   1.5053763e+00   1.9216935e+00
   4.0000000e+00   1.5000000e+00   1.5053763e+00   1.9137097e+00
   4.0200000e+00   1.5000000e+00   1.4956012e+00   2.0156965e+00
   4.0400000e+00   1.5000000e+00   1.5053763e+00   1.9122581e+00
   4.0600000e+00   1.5000000e+00   1.5053763e+00   1.9042742e+00
   4.0800000e+00   1.5000000e+00   1.5053763e+00   1.8962903e+00
   4.1000000e+00   1.5000000e+00   1.5004888e+00   1.9432918e+00
   4.1200000e+00   1.5000000e+00   1.4956012e+00   1.9975513e+00
   4.1400000e+00   1.5000000e+00   1.4907136e+00   2.0590689e+00
   4.1600000e+00   1.5000000e+00   1.5004888e+00   1.9628886e+00
   4.1800000e+00   1.5000000e+00   1.4907136e+00   2.0721334e+00
   4.2000000e+00   1.5000000e+00   1.4956012e+00   2.0309384e+00
   4.2200000e+00   1.5000000e+00   1.5053763e+00   1.9275000e+00
   4.2400000e+00   1.5000000e+00   1.4956012e+00   2.0294868e+00
   4.2600000e+00   1.5000000e+00   1.5053763e+00   1.9260484e+00
   4.2800000e+00   1.5000000e+00   1.5004888e+00   1.9730499e+00
   4.3000000e+00   1.5000000e+00   1.5004888e+00   1.9723240e+00
   4.3200000e+00   1.5000000e+00   1.4956012e+00   2.0265836e+00
   4.3400000e+00   1.5000000e+00   1.5004888e+00   1.9781305e+00
   4.3600000e+00   1.5000000e+00   1.5004888e+00   1.9774047e+00
   4.3800000e+00   1.5000000e+00   1.5004888e+00   1.9766789e+00
   4.4000000e+00   1.5000000e+00   1.5053763e+00   1.9209677e+00
   4.4200000e+00   1.5000000e+00   1.4956012e+00   2.0229545e+00
   4.4400000e+00   1.5000000e+00   1.5053763e+00   1.9195161e+00
   4.4600000e+00   1.5000000e+00   1.4956012e+00   2.0215029e+00
   4.4800000e+00   1.5000000e+00   1.5004888e+00   1.9730499e+00
   4.5000000e+00   1.5000000e+00   1.4956012e+00   2.0273094e+00
   4.5200000e+00   1.5000000e+00   1.5004888e+00   1.9788563e+00
   4.5400000e+00   1.5000000e+00   1.5004888e+00   1.9781305e+00
   4.5600000e+00   1.5000000e+00   1.4956012e+00   2.0323900e+00
   4.5800000e+00   1.5000000e+00   1.4956012e+00   2.0389223e+00
   4.6000000e+00   1.5000000e+00   1.4956012e+00   2.0454545e+00
   4.6200000e+00   1.5000000e+00   1.4956012e+00   2.0519868e+00
   4.6400000e+00   1.5000000e+00   1.5004888e+00   2.0035337e+00
   4.6600000e+00   1.5000000e+00   1.4907136e+00   2.1127786e+00
   4.6800000e+00   1.5000000e+00   1.4956012e+00   2.0715836e+00
   4.7000000e+00   1.5000000e+00   1.4956012e+00   2.0781158e+00
   4.7200000e+00   1.5000000e+00   1.5004888e+00   2.0296628e+00
   4.7400000e+00   1.5000000e+00   1.5053763e+00   1.9739516e+00
   4.7600000e+00   1.5000000e+00   1.5053763e+00   1.9659677e+00
   4.7800000e+00   1.5000000e+00   1.5102639e+00   1.9029985e+00
   4.8000000e+00   1.5000000e+00   1.5053763e+00   1.9427419e+00
   4.8200000e+00   1.5000000e+00   1.5053763e+00   1.9347581e+00
   4.8400000e+00   1.5000000e+00   1.5004888e+00   1.9817595e+00
   4.8600000e+00   1.5000000e+00   1.4956012e+00   2.0360191e+00
   4.8800000e+00   1.5000000e+00   1.4956012e+00   2.0425513e+00
   4.9000000e+00   1.5000000e+00   1.5004888e+00   1.9940982e+00
   4.9200000e+00   1.5000000e+00   1.4907136e+00   2.1033431e+00
   4.9400000e+00   1.5000000e+00   1.4956012e+00   2.0621481e+00
   4.9600000e+00   1.5000000e+00   1.5004888e+00   2.0136950e+00
   4.9800000e+00   1.5000000e+00   1.5004888e+00   2.0129692e+00
   5.0000000e+00   1.0000000e+00   1.5004888e+00  -3.6127566e+00
   5.0200000e+00   1.0000000e+00   1.5053763e+00  -4.4109677e+00
   5.0400000e+00   1.0000000e+00   1.4956012e+00  -5.0514809e+00
   5.0600000e+00   1.0000000e+00   1.4076246e+00  -4.7977126e+00
   5.0800000e+00   1.0000000e+00   1.3538612e+00  -4.7981965e+00
   5.1000000e+00   1.0000000e+00   1.2561095e+00  -4.2239736e+00
   5.1200000e+00   1.0000000e+00   1.2316716e+00  -4.3293695e+00
   5.1400000e+00   1.0000000e+00   1.1876833e+00  -4.1785337e+00
   5.1600000e+00   1.0000000e+00   1.0752688e+00  -3.1925806e+00
   5.1800000e+00   1.0000000e+00   1.0361681e+00  -2.8644721e+00
   5.2000000e+00   1.0000000e+00   9.4819159e-01  -1.9284457e+00
   5.2200000e+00   1.0000000e+00   9.1886608e-01  -1.5215982e+00
   5.2400000e+00   1.0000000e+00   8.9442815e-01  -1.1261877e+00
   5.2600000e+00   1.0000000e+00   8.1133920e-01  -3.4662757e-02
   5.2800000e+00   1.0000000e+00   7.6246334e-01   7.9535191e-01
   5.3000000e+00   1.0000000e+00   6.7448680e-01   2.1378299e+00
   5.3200000e+00   1.0000000e+00   6.4516129e-01   2.9511290e+00
   5.3400000e+00   1.0000000e+00   7.0381232e-01   2.8182405e+00
   5.3600000e+00   1.0000000e+00   7.6735093e-01   2.5432698e+00
   5.3800000e+00   1.0000000e+00   9.4330401e-01   9.0928152e-01
   5.4000000e+00   1.0000000e+00   1.0068426e+00   2.7866569e-01
   5.4200000e+00   1.0000000e+00   1.0508309e+00  -2.2636364e-01
   5.4400000e+00   1.0000000e+00   1.0117302e+00   1.3803519e-01
   5.4600000e+00   1.0000000e+00   9.8240469e-01   4.5052786e-01
   5.4800000e+00   1.0000000e+00   8.8465298e-01   1.5763636e+00
   5.5000000e+00   1.0000000e+00   8.6999022e-01   1.9126100e+00
   5.5200000e+00   1.0000000e+00   8.6021505e-01   2.2156452e+00
   5.5400000e+00   1.0000000e+00   9.0420332e-01   1.9283578e+00
   5.5600000e+00   1.0000000e+00   9.3352884e-01   1.7407038e+00
   5.5800000e+00   1.0000000e+00   9.7262952e-01   1.3995308e+00
   5.6000000e+00   1.0000000e+00   1.0410557e+00   6.7038123e-01
   5.6200000e+00   1.0000000e+00   1.0606061e+00   3.8947214e-01
   5.6400000e+00   1.0000000e+00   1.0459433e+00   4.6442815e-01
   5.6600000e+00   1.0000000e+00   1.0215054e+00   6.7112903e-01
   5.6800000e+00   1.0000000e+00   9.5796676e-01   1.3540029e+00
   5.7000000e+00   1.0000000e+00   9.4330401e-01   1.5813783e+00
   5.7200000e+00   1.0000000e+00   9.3352884e-01   1.7755425e+00
   5.7400000e+00   1.0000000e+00   9.3352884e-01   1.8742522e+00
   5.7600000e+00   1.0000000e+00   9.8240469e-01   1.4231085e+00
   5.7800000e+00   1.0000000e+00   9.9706745e-01   1.2842815e+00
   5.8000000e+00   1.0000000e+00   1.0410557e+00   7.9376833e-01
   5.8200000e+00   1.0000000e+00   1.0410557e+00   7.3280059e-01
   5.8400000e+00   1.0000000e+00   1.0117302e+00   1.0017449e+00
   5.8600000e+00   1.0000000e+00   9.9706745e-01   1.1492815e+00
   5.8800000e+00   1.0000000e+00   9.5796676e-01   1.5935191e+00
   5.9000000e+00   1.0000000e+00   9.5796676e-01   1.6559384e+00
   5.9200000e+00   1.0000000e+00   9.6774194e-01   1.6083871e+00
   5.9400000e+00   1.0000000e+00   9.8729228e-01   1.4363490e+00
   5.9600000e+00   1.0000000e+00   1.0166178e+00   1.1253079e+00
   5.9800000e+00   1.0000000e+00   1.0215054e+00   1.0456452e+00
   6.0000000e+00   1.0000000e+00   1.0312805e+00   9.0373900e-01
   6.0200000e+00   1.0000000e+00   1.0215054e+00   9.6725806e-01
   6.0400000e+00   1.0000000e+00   1.0166178e+00   9.9030792e-01
   6.0600000e+00   1.0000000e+00   9.8240469e-01   1.3505279e+00
   6.0800000e+00   1.0000000e+00   9.6774194e-01   1.5416129e+00
   6.1000000e+00   1.0000000e+00   9.6774194e-01   1.5895161e+00
   6.1200000e+00   1.0000000e+00   9.8240469e-01   1.4724633e+00
   6.1400000e+00   1.0000000e+00   9.9217986e-01   1.3886217e+00
   6.1600000e+00   1.0000000e+00   1.0019550e+00   1.2902639e+00
   6.1800000e+00   1.0000000e+00   1.0166178e+00   1.1224047e+00
   6.2000000e+00   1.0000000e+00   1.0312805e+00   9.3277126e-01
   6.2200000e+00   1.0000000e+00   1.0312805e+00   8.8631965e-01
   6.2400000e+00   1.0000000e+00   9.9706745e-01   1.2247654e+00
   6.2600000e+00   1.0000000e+00   9.8240469e-01   1.3940762e+00
   6.2800000e+00   1.0000000e+00   9.6774194e-01   1.5851613e+00
   6.3000000e+00   1.0000000e+00   9.6774194e-01   1.6330645e+00
   6.3200000e+00   1.0000000e+00   9.7262952e-01   1.6259824e+00
   6.3400000e+00   1.0000000e+00   1.0068426e+00   1.2817302e+00
   6.3600000e+00   1.0000000e+00   1.0263930e+00   1.0516276e+00
   6.3800000e+00   1.0000000e+00   1.0361681e+00   9.0246334e-01
   6.4000000e+00   1.0000000e+00   1.0312805e+00   9.0373900e-01
   6.4200000e+00   1.0000000e+00   1.0361681e+00   8.0230205e-01
   6.4400000e+00   1.0000000e+00   9.9217986e-01   1.2434604e+00
   6.4600000e+00   1.0000000e+00   9.8729228e-01   1.3100587e+00
   6.4800000e+00   1.0000000e+00   9.6285435e-01   1.6038563e+00
   6.5000000e+00   1.0000000e+00   9.6285435e-01   1.6590176e+00
   6.5200000e+00   1.0000000e+00   9.7751711e-01   1.5492229e+00
   6.5400000e+00   1.0000000e+00   9.8729228e-01   1.4726393e+00
   6.5600000e+00   1.0000000e+00   1.0019550e+00   1.3265543e+00
   6.5800000e+00   1.0000000e+00   1.0312805e+00   9.9373900e-01
   6.6000000e+00   1.0000000e+00   1.0361681e+00   8.9230205e-01
   6.6200000e+00   1.0000000e+00   1.0263930e+00   9.4856305e-01
   6.6400000e+00   1.0000000e+00   1.0215054e+00   9.6435484e-01
   6.6600000e+00   1.0000000e+00   9.8729228e-01   1.3173167e+00
   6.6800000e+00   1.0000000e+00   9.7262952e-01   1.5011437e+00
   6.7000000e+00   1.0000000e+00   9.6285435e-01   1.6517595e+00
   6.7200000e+00   1.0000000e+00   9.9217986e-01   1.3770088e+00
   6.7400000e+00   1.0000000e+00   9.9706745e-01   1.3336364e+00
   6.7600000e+00   1.0000000e+00   1.0263930e+00   1.0080792e+00
   6.7800000e+00   1.0000000e+00   1.0215054e+00   1.0238710e+00
   6.8000000e+00   1.0000000e+00   1.0215054e+00   9.9193548e-01
   6.8200000e+00   1.0000000e+00   1.0117302e+00   1.0699707e+00
   6.8400000e+00   1.0000000e+00   1.0019550e+00   1.1625220e+00
   6.8600000e+00   1.0000000e+00   9.8240469e-01   1.3795601e+00
   6.8800000e+00   1.0000000e+00   9.8240469e-01   1.4056891e+00
   6.9000000e+00   1.0000000e+00   9.7262952e-01   1.5417889e+00
   6.9200000e+00   1.0000000e+00   9.8729228e-01   1.4174780e+00
   6.9400000e+00   1.0000000e+00   1.0117302e+00   1.1614223e+00
   6.9600000e+00   1.0000000e+00   1.0312805e+00   9.2406158e-01
   6.9800000e+00   1.0000000e+00   1.0263930e+00   9.3259531e-01
   7.0000000e+00   1.0000000e+00   1.0117302e+00   1.0583578e+00
   7.0200000e+00   1.0000000e+00   9.9706745e-01   1.2058944e+00
   7.0400000e+00   1.0000000e+00   9.7262952e-01   1.4851760e+00
   7.0600000e+00   1.0000000e+00   9.6285435e-01   1.6357918e+00
   7.0800000e+00   1.0000000e+00   9.7751711e-01   1.5259971e+00
   7.1000000e+00   1.0000000e+00   9.8240469e-01   1.5043988e+00
   7.1200000e+00   1.0000000e+00   1.0019550e+00   1.3105865e+00
   7.1400000e+00   1.0000000e+00   1.0263930e+00   1.0327566e+00
   7.1600000e+00   1.0000000e+00   1.0263930e+00   9.9356305e-01
   7.1800000e+00   1.0000000e+00   1.0166178e+00   1.0643402e+00
   7.2000000e+00   1.0000000e+00   1.0068426e+00   1.1496334e+00
   7.2200000e+00   1.0000000e+00   1.0117302e+00   1.0844868e+00
   7.2400000e+00   1.0000000e+00   9.9217986e-01   1.2870088e+00
   7.2600000e+00   1.0000000e+00   9.8729228e-01   1.3536070e+00
   7.2800000e+00   1.0000000e+00   9.9217986e-01   1.3174927e+00
   7.3000000e+00   1.0000000e+00   9.9217986e-01   1.3291056e+00
   7.3200000e+00   1.0000000e+00   9.9217986e-01   1.3407185e+00
   7.3400000e+00   1.0000000e+00   9.9706745e-01   1.2973460e+00
   7.3600000e+00   1.0000000e+00   1.0019550e+00   1.2467155e+00
   7.3800000e+00   1.0000000e+00   1.0068426e+00   1.1888270e+00
   7.4000000e+00   1.0000000e+00   1.0068426e+00   1.1786657e+00
   7.4200000e+00   1.0000000e+00   1.0019550e+00   1.2234897e+00
   7.4400000e+00   1.0000000e+00   1.0068426e+00   1.1656012e+00
   7.4600000e+00   1.0000000e+00   1.0019550e+00   1.2104252e+00
   7.4800000e+00   1.0000000e+00   9.9706745e-01   1.2625073e+00
   7.5000000e+00   1.0000000e+00   9.9217986e-01   1.3218475e+00
   7.5200000e+00   1.0000000e+00   9.9217986e-01   1.3334604e+00
   7.5400000e+00   1.0000000e+00   9.9706745e-01   1.2900880e+00
   7.5600000e+00   1.0000000e+00   1.0019550e+00   1.2394575e+00
   7.5800000e+00   1.0000000e+00   1.0019550e+00   1.2365543e+00
   7.6000000e+00   1.0000000e+00   1.0068426e+00   1.1786657e+00
   7.6200000e+00   1.0000000e+00   1.0019550e+00   1.2234897e+00
   7.6400000e+00   1.0000000e+00   9.9706745e-01   1.2755718e+00
   7.6600000e+00   1.0000000e+00   9.9706745e-01   1.2799267e+00
   7.6800000e+00   1.0000000e+00   9.9217986e-01   1.3392669e+00
   7.7000000e+00   1.0000000e+00   9.9217986e-01   1.3508798e+00
   7.7200000e+00   1.0000000e+00   9.9706745e-01   1.3075073e+00
   7.7400000e+00   1.0000000e+00   9.9706745e-01   1.3118622e+00
   7.7600000e+00   1.0000000e+00   1.0019550e+00   1.2612317e+00
   7.7800000e+00   1.0000000e+00   1.0019550e+00   1.2583284e+00
   7.8000000e+00   1.0000000e+00   1.0068426e+00   1.2004399e+00
   7.8200000e+00   1.0000000e+00   1.0019550e+00   1.2452639e+00
   7.8400000e+00   1.0000000e+00   9.9706745e-01   1.2973460e+00
   7.8600000e+00   1.0000000e+00   9.9706745e-01   1.3017009e+00
   7.8800000e+00   1.0000000e+00   1.0019550e+00   1.2510704e+00
   7.9000000e+00   1.0000000e+00   1.0068426e+00   1.1931818e+00
   7.9200000e+00   1.0000000e+00   1.0068426e+00   1.1830205e+00
   7.9400000e+00   1.0000000e+00   1.0117302e+00   1.1178739e+00
   7.9600000e+00   1.0000000e+00   1.0019550e+00   1.2104252e+00
   7.9800000e+00   1.0000000e+00   9.9706745e-01   1.2625073e+00
   8.0000000e+00   1.0000000e+00   9.8729228e-01   1.3768328e+00
   8.0200000e+00   1.0000000e+00   9.8240469e-01   1.4506891e+00
   8.0400000e+00   1.0000000e+00   9.8729228e-01   1.4218328e+00
   8.0600000e+00   1.0000000e+00   1.0019550e+00   1.2757478e+00
   8.0800000e+00   1.0000000e+00   1.0117302e+00   1.1628739e+00
   8.1000000e+00   1.0000000e+00   1.0166178e+00   1.0904692e+00
   8.1200000e+00   1.0000000e+00   1.0068426e+00   1.1757625e+00
   8.1400000e+00   1.0000000e+00   1.0068426e+00   1.1656012e+00
   8.1600000e+00   1.0000000e+00   9.9706745e-01   1.2654106e+00
   8.1800000e+00   1.0000000e+00   9.9217986e-01   1.3247507e+00
   8.2000000e+00   1.0000000e+00   9.8729228e-01   1.3913490e+00
   8.2200000e+00   1.0000000e+00   9.9217986e-01   1.3552346e+00
   8.2400000e+00   1.0000000e+00   1.0068426e+00   1.2018915e+00
   8.2600000e+00   1.0000000e+00   1.0068426e+00   1.1917302e+00
   8.2800000e+00   1.0000000e+00   1.0117302e+00   1.1265836e+00
   8.3000000e+00   1.0000000e+00   1.0019550e+00   1.2191349e+00
   8.3200000e+00   1.0000000e+00   1.0019550e+00   1.2162317e+00
   8.3400000e+00   1.0000000e+00   1.0019550e+00   1.2133284e+00
   8.3600000e+00   1.0000000e+00   9.9706745e-01   1.2654106e+00
   8.3800000e+00   1.0000000e+00   9.8729228e-01   1.3797361e+00
   8.4000000e+00   1.0000000e+00   9.9217986e-01   1.3436217e+00
   8.4200000e+00   1.0000000e+00   1.0019550e+00   1.2452639e+00
   8.4400000e+00   1.0000000e+00   9.9706745e-01   1.2973460e+00
   8.4600000e+00   1.0000000e+00   1.0068426e+00   1.1917302e+00
   8.4800000e+00   1.0000000e+00   1.0068426e+00   1.1815689e+00
   8.5000000e+00   1.0000000e+00   1.0019550e+00   1.2263930e+00
   8.5200000e+00   1.0000000e+00   9.9706745e-01   1.2784751e+00
   8.5400000e+00   1.0000000e+00   9.9217986e-01   1.3378152e+00
   8.5600000e+00   1.0000000e+00   9.9706745e-01   1.2944428e+00
   8.5800000e+00   1.0000000e+00   9.9706745e-01   1.2987977e+00
   8.6000000e+00   1.0000000e+00   1.0019550e+00   1.2481672e+00
   8.6200000e+00   1.0000000e+00   1.0068426e+00   1.1902786e+00
   8.6400000e+00   1.0000000e+00   1.0068426e+00   1.1801173e+00
   8.6600000e+00   1.0000000e+00   1.0068426e+00   1.1699560e+00
   8.6800000e+00   1.0000000e+00   1.0019550e+00   1.2147801e+00
   8.7000000e+00   1.0000000e+00   9.9706745e-01   1.2668622e+00
   8.7200000e+00   1.0000000e+00   9.9217986e-01   1.3262023e+00
   8.7400000e+00   1.0000000e+00   9.9217986e-01   1.3378152e+00
   8.7600000e+00   1.0000000e+00   9.9217986e-01   1.3494282e+00
   8.7800000e+00   1.0000000e+00   1.0019550e+00   1.2510704e+00
   8.8000000e+00   1.0000000e+00   1.0019550e+00   1.2481672e+00
   8.8200000e+00   1.0000000e+00   1.0068426e+00   1.1902786e+00
   8.8400000e+00   1.0000000e+00   1.0068426e+00   1.1801173e+00
   8.8600000e+00   1.0000000e+00   1.0068426e+00   1.1699560e+00
   8.8800000e+00   1.0000000e+00   9.9706745e-01   1.2697654e+00
   8.9000000e+00   1.0000000e+00   1.0019550e+00   1.2191349e+00
   8.9200000e+00   1.0000000e+00   9.9217986e-01   1.3262023e+00
   8.9400000e+00   1.0000000e+00   9.8729228e-01   1.3928006e+00
   8.9600000e+00   1.0000000e+00   9.8729228e-01   1.4116716e+00
   8.9800000e+00   1.0000000e+00   1.0068426e+00   1.2106012e+00
   9.0000000e+00   1.0000000e+00   1.0068426e+00   1.2004399e+00
   9.0200000e+00   1.0000000e+00   1.0117302e+00   1.1352933e+00
   9.0400000e+00   1.0000000e+00   1.0166178e+00   1.0628886e+00
   9.0600000e+00   1.0000000e+00   1.0019550e+00   1.2031672e+00
   9.0800000e+00   1.0000000e+00   1.0019550e+00   1.2002639e+00
   9.1000000e+00   1.0000000e+00   9.9217986e-01   1.3073314e+00
   9.1200000e+00   1.0000000e+00   9.9217986e-01   1.3189443e+00
   9.1400000e+00   1.0000000e+00   9.9217986e-01   1.3305572e+00
   9.1600000e+00   1.0000000e+00   9.9217986e-01   1.3421701e+00
   9.1800000e+00   1.0000000e+00   9.9217986e-01   1.3537830e+00
   9.2000000e+00   1.0000000e+00   9.9706745e-01   1.3104106e+00
   9.2200000e+00   1.0000000e+00   1.0117302e+00   1.1498094e+00
   9.2400000e+00   1.0000000e+00   1.0166178e+00   1.0774047e+00
   9.2600000e+00   1.0000000e+00   1.0117302e+00   1.1077126e+00
   9.2800000e+00   1.0000000e+00   1.0068426e+00   1.1452786e+00
   9.3000000e+00   1.0000000e+00   1.0068426e+00   1.1351173e+00
   9.3200000e+00   1.0000000e+00   1.0068426e+00   1.1249560e+00
   9.3400000e+00   1.0000000e+00   9.9217986e-01   1.2797507e+00
   9.3600000e+00   1.0000000e+00   9.9217986e-01   1.2913636e+00
   9.3800000e+00   1.0000000e+00   9.9706745e-01   1.2479912e+00
   9.4000000e+00   1.0000000e+00   9.9217986e-01   1.3073314e+00
   9.4200000e+00   1.0000000e+00   9.9217986e-01   1.3189443e+00
   9.4400000e+00   1.0000000e+00   9.9706745e-01   1.2755718e+00
   9.4600000e+00   1.0000000e+00   9.9706745e-01   1.2799267e+00
   9.4800000e+00   1.0000000e+00   1.0019550e+00   1.2292962e+00
   9.5000000e+00   1.0000000e+00   1.0019550e+00   1.2263930e+00
   9.5200000e+00   1.0000000e+00   1.0068426e+00   1.1685044e+00
   9.5400000e+00   1.0000000e+00   9.9706745e-01   1.2683138e+00
   9.5600000e+00   1.0000000e+00   9.9706745e-01   1.2726686e+00
   9.5800000e+00   1.0000000e+00   9.9217986e-01   1.3320088e+00
   9.6000000e+00   1.0000000e+00   9.9217986e-01   1.3436217e+00
   9.6200000e+00   1.0000000e+00   9.9706745e-01   1.3002493e+00
   9.6400000e+00   1.0000000e+00   1.0068426e+00   1.1946334e+00
   9.6600000e+00   1.0000000e+00   1.0068426e+00   1.1844721e+00
   9.6800000e+00   1.0000000e+00   1.0117302e+00   1.1193255e+00
   9.7000000e+00   1.0000000e+00   9.9706745e-01   1.2668622e+00
   9.7200000e+00   1.0000000e+00   1.0019550e+00   1.2162317e+00
   9.7400000e+00   1.0000000e+00   9.9706745e-01   1.2683138e+00
   9.7600000e+00   1.0000000e+00   9.9217986e-01   1.3276540e+00
   9.7800000e+00   1.0000000e+00   9.9217986e-01   1.3392669e+00
   9.8000000e+00   1.0000000e+00   9.9706745e-01   1.2958944e+00
   9.8200000e+00   1.0000000e+00   9.9706745e-01   1.3002493e+00
   9.8400000e+00   1.0000000e+00   9.9706745e-01   1.3046041e+00
   9.8600000e+00   1.0000000e+00   1.0019550e+00   1.2539736e+00
   9.8800000e+00   1.0000000e+00   9.9706745e-01   1.3060557e+00
   9.9000000e+00   1.0000000e+00   1.0019550e+00   1.2554252e+00
   9.9200000e+00   1.0000000e+00   1.0019550e+00   1.2525220e+00
   9.9400000e+00   1.0000000e+00   9.9706745e-01   1.3046041e+00
   9.9600000e+00   1.0000000e+00   9.9706745e-01   1.3089589e+00
   9.9800000e+00   1.0000000e+00   1.0019550e+00   1.2583284e+00
   1.0000000e+01   1.5000000e+00   1.0068426e+00   6.8254399e+00
   1.0020000e+01   1.5000000e+00   1.0117302e+00   7.5027933e+00
   1.0040000e+01   1.5000000e+00   1.0312805e+00   8.0079326e+00
   1.0060000e+01   1.5000000e+00   1.1436950e+00   7.4393182e+00
   1.0080000e+01   1.5000000e+00   1.2805474e+00   6.4288416e+00
   1.0100000e+01   1.5000000e+00   1.3929619e+00   5.4900660e+00
   1.0120000e+01   1.5000000e+00   1.4858260e+00   4.6042962e+00
   1.0140000e+01   1.5000000e+00   1.5786901e+00   3.5806232e+00
   1.0160000e+01   1.5000000e+00   1.6862170e+00   2.2540909e+00
   1.0180000e+01   1.5000000e+00   1.7448680e+00   1.3177346e+00
   1.0200000e+01   1.5000000e+00   1.7693060e+00   6.7917889e-01
   1.0220000e+01   1.5000000e+00   1.7008798e+00   1.0490543e+00
   1.0240000e+01   1.5000000e+00   1.6177908e+00   1.6854985e+00
   1.0260000e+01   1.5000000e+00   1.5933529e+00   1.7855059e+00
   1.0280000e+01   1.5000000e+00   1.5689150e+00   1.9218035e+00
   1.0300000e+01   1.5000000e+00   1.5347019e+00   2.2043622e+00
   1.0320000e+01   1.5000000e+00   1.5395894e+00   2.0978446e+00
   1.0340000e+01   1.5000000e+00   1.5347019e+00   2.0940396e+00
   1.0360000e+01   1.5000000e+00   1.5444770e+00   1.9325367e+00
   1.0380000e+01   1.5000000e+00   1.5493646e+00   1.8115029e+00
   1.0400000e+01   1.5000000e+00   1.5493646e+00   1.7381965e+00
   1.0420000e+01   1.5000000e+00   1.5493646e+00   1.6648900e+00
   1.0440000e+01   1.5000000e+00   1.5347019e+00   1.7565396e+00
   1.0460000e+01   1.5000000e+00   1.5347019e+00   1.7050073e+00
   1.0480000e+01   1.5000000e+00   1.5347019e+00   1.6534751e+00
   1.0500000e+01   1.5000000e+00   1.5151515e+00   1.8218842e+00
   1.0520000e+01   1.5000000e+00   1.5102639e+00   1.8543695e+00
   1.0540000e+01   1.5000000e+00   1.5053763e+00   1.8941129e+00
   1.0560000e+01   1.5000000e+00   1.4956012e+00   1.9960997e+00
   1.0580000e+01   1.5000000e+00   1.4907136e+00   2.0576173e+00
   1.0600000e+01   1.5000000e+00   1.4907136e+00   2.0714076e+00
   1.0620000e+01   1.5000000e+00   1.4956012e+00   2.0302126e+00
   1.0640000e+01   1.5000000e+00   1.4956012e+00   2.0367449e+00
   1.0660000e+01   1.5000000e+00   1.5053763e+00   1.9333065e+00
   1.0680000e+01   1.5000000e+00   1.5004888e+00   1.9803079e+00
   1.0700000e+01   1.5000000e+00   1.5053763e+00   1.9245968e+00
   1.0720000e+01   1.5000000e+00   1.5053763e+00   1.9166129e+00
   1.0740000e+01   1.5000000e+00   1.5151515e+00   1.7986584e+00
   1.0760000e+01   1.5000000e+00   1.5102639e+00   1.8311437e+00
   1.0780000e+01   1.5000000e+00   1.5151515e+00   1.7609164e+00
   1.0800000e+01   1.5000000e+00   1.5151515e+00   1.7384164e+00
   1.0820000e+01   1.5000000e+00   1.5151515e+00   1.7159164e+00
   1.0840000e+01   1.5000000e+00   1.5102639e+00   1.7484018e+00
   1.0860000e+01   1.5000000e+00   1.4956012e+00   1.8981158e+00
   1.0880000e+01   1.5000000e+00   1.4956012e+00   1.9046481e+00
   1.0900000e+01   1.5000000e+00   1.4858260e+00   2.0211510e+00
   1.0920000e+01   1.5000000e+00   1.4858260e+00   2.0421994e+00
   1.0940000e+01   1.5000000e+00   1.4858260e+00   2.0632478e+00
   1.0960000e+01   1.5000000e+00   1.4858260e+00   2.0842962e+00
   1.0980000e+01   1.5000000e+00   1.4907136e+00   2.0503592e+00
   1.1000000e+01   1.5000000e+00   1.4956012e+00   2.0091642e+00
   1.1020000e+01   1.5000000e+00   1.4907136e+00   2.0706818e+00
   1.1040000e+01   1.5000000e+00   1.4907136e+00   2.0844721e+00
   1.1060000e+01   1.5000000e+00   1.5004888e+00   1.9882918e+00
   1.1080000e+01   1.5000000e+00   1.5053763e+00   1.9325806e+00
   1.1100000e+01   1.5000000e+00   1.5151515e+00   1.8146261e+00
   1.1120000e+01   1.5000000e+00   1.5200391e+00   1.7371408e+00
   1.1140000e+01   1.5000000e+00   1.5200391e+00   1.7073827e+00
   1.1160000e+01   1.5000000e+00   1.5200391e+00   1.6776246e+00
   1.1180000e+01   1.5000000e+00   1.5102639e+00   1.7578372e+00
   1.1200000e+01   1.5000000e+00   1.5053763e+00   1.7975806e+00
   1.1220000e+01   1.5000000e+00   1.4809384e+00   2.0645235e+00
   1.1240000e+01   1.5000000e+00   1.4809384e+00   2.0928299e+00
   1.1260000e+01   1.5000000e+00   1.4858260e+00   2.0661510e+00
   1.1280000e+01   1.5000000e+00   1.4858260e+00   2.0871994e+00
   1.1300000e+01   1.5000000e+00   1.5004888e+00   1.9432918e+00
   1.1320000e+01   1.5000000e+00   1.5053763e+00   1.8875806e+00
   1.1340000e+01   1.5000000e+00   1.5053763e+00   1.8795968e+00
   1.1360000e+01   1.5000000e+00   1.4956012e+00   1.9815836e+00
   1.1380000e+01   1.5000000e+00   1.5004888e+00   1.9331305e+00
   1.1400000e+01   1.5000000e+00   1.4956012e+00   1.9873900e+00
   1.1420000e+01   1.5000000e+00   1.4956012e+00   1.9939223e+00
   1.1440000e+01   1.5000000e+00   1.5053763e+00   1.8904839e+00
   1.1460000e+01   1.5000000e+00   1.5004888e+00   1.9374853e+00
   1.1480000e+01   1.5000000e+00   1.5053763e+00   1.8817742e+00
   1.1500000e+01   1.5000000e+00   1.5004888e+00   1.9287757e+00
   1.1520000e+01   1.5000000e+00   1.5004888e+00   1.9280499e+00
   1.1540000e+01   1.5000000e+00   1.5053763e+00   1.8723387e+00
   1.1560000e+01   1.5000000e+00   1.5004888e+00   1.9193402e+00
   1.1580000e+01   1.5000000e+00   1.4956012e+00   1.9735997e+00
   1.1600000e+01   1.5000000e+00   1.5004888e+00   1.9251466e+00
   1.1620000e+01   1.5000000e+00   1.5102639e+00   1.8144501e+00
   1.1640000e+01   1.5000000e+00   1.5004888e+00   1.9091789e+00
   1.1660000e+01   1.5000000e+00   1.4907136e+00   2.0184238e+00
   1.1680000e+01   1.5000000e+00   1.4907136e+00   2.0322141e+00
   1.1700000e+01   1.5000000e+00   1.4907136e+00   2.0460044e+00
   1.1720000e+01   1.5000000e+00   1.4956012e+00   2.0048094e+00
   1.1740000e+01   1.5000000e+00   1.4956012e+00   2.0113416e+00
   1.1760000e+01   1.5000000e+00   1.4956012e+00   2.0178739e+00
   1.1780000e+01   1.5000000e+00   1.5004888e+00   1.9694208e+00
   1.1800000e+01   1.5000000e+00   1.5004888e+00   1.9686950e+00
   1.1820000e+01   1.5000000e+00   1.5004888e+00   1.9679692e+00
   1.1840000e+01   1.5000000e+00   1.4956012e+00   2.0222287e+00
   1.1860000e+01   1.5000000e+00   1.5004888e+00   1.9737757e+00
   1.1880000e+01   1.5000000e+00   1.4956012e+00   2.0280352e+00
   1.1900000e+01   1.5000000e+00   1.4956012e+00   2.0345674e+00
   1.1920000e+01   1.5000000e+00   1.5004888e+00   1.9861144e+00
   1.1940000e+01   1.5000000e+00   1.5004888e+00   1.9853886e+00
   1.1960000e+01   1.5000000e+00   1.4956012e+00   2.0396481e+00
   1.1980000e+01   1.5000000e+00   1.4956012e+00   2.0461804e+00
   1.2000000e+01   1.5000000e+00   1.4907136e+00   2.1076979e+00
   1.2020000e+01   1.5000000e+00   1.4956012e+00   2.0665029e+00
   1.2040000e+01   1.5000000e+00   1.5004888e+00   2.0180499e+00
   1.2060000e+01   1.5000000e+00   1.5004888e+00   2.0173240e+00
   1.2080000e+01   1.5000000e+00   1.5004888e+00   2.0165982e+00
   1.2100000e+01   1.5000000e+00   1.4956012e+00   2.0708578e+00
   1.2120000e+01   1.5000000e+00   1.4956012e+00   2.0773900e+00
   1.2140000e+01   1.5000000e+00   1.4956012e+00   2.0839223e+00
   1.2160000e+01   1.5000000e+00   1.5004888e+00   2.0354692e+00
   1.2180000e+01   1.5000000e+00   1.5004888e+00   2.0347434e+00
   1.2200000e+01   1.5000000e+00   1.5004888e+00   2.0340176e+00
   1.2220000e+01   1.5000000e+00   1.5053763e+00   1.9783065e+00
   1.2240000e+01   1.5000000e+00   1.5102639e+00   1.9153372e+00
   1.2260000e+01   1.5000000e+00   1.5102639e+00   1.9000953e+00
   1.2280000e+01   1.5000000e+00   1.5200391e+00   1.7748827e+00
   1.2300000e+01   1.5000000e+00   1.5102639e+00   1.8550953e+00
   1.2320000e+01   1.5000000e+00   1.5004888e+00   1.9498240e+00
   1.2340000e+01   1.5000000e+00   1.5053763e+00   1.8941129e+00
   1.2360000e+01   1.5000000e+00   1.4956012e+00   1.9960997e+00
   1.2380000e+01   1.5000000e+00   1.4956012e+00   2.0026320e+00
   1.2400000e+01   1.5000000e+00   1.4858260e+00   2.1191349e+00
   1.2420000e+01   1.5000000e+00   1.5004888e+00   1.9752273e+00
   1.2440000e+01   1.5000000e+00   1.5053763e+00   1.9195161e+00
   1.2460000e+01   1.5000000e+00   1.5053763e+00   1.9115323e+00
   1.2480000e+01   1.5000000e+00   1.4956012e+00   2.0135191e+00
   1.2500000e+01   1.5000000e+00   1.5004888e+00   1.9650660e+00
   1.2520000e+01   1.5000000e+00   1.4956012e+00   2.0193255e+00
   1.2540000e+01   1.5000000e+00   1.4907136e+00   2.0808431e+00
   1.2560000e+01   1.5000000e+00   1.4956012e+00   2.0396481e+00
   1.2580000e+01   1.5000000e+00   1.4907136e+00   2.1011657e+00
   1.2600000e+01   1.5000000e+00   1.4956012e+00   2.0599707e+00
   1.2620000e+01   1.5000000e+00   1.4956012e+00   2.0665029e+00
   1.2640000e+01   1.5000000e+00   1.5053763e+00   1.9630645e+00
   1.2660000e+01   1.5000000e+00   1.5053763e+00   1.9550806e+00
   1.2680000e+01   1.5000000e+00   1.5004888e+00   2.0020821e+00
   1.2700000e+01   1.5000000e+00   1.5053763e+00   1.9463710e+00
   1.2720000e+01   1.5000000e+00   1.5004888e+00   1.9933724e+00
   1.2740000e+01   1.5000000e+00   1.5004888e+00   1.9926466e+00
   1.2760000e+01   1.5000000e+00   1.5004888e+00   1.9919208e+00
   1.2780000e+01   1.5000000e+00   1.4956012e+00   2.0461804e+00
   1.2800000e+01   1.5000000e+00   1.4956012e+00   2.0527126e+00
   1.2820000e+01   1.5000000e+00   1.5053763e+00   1.9492742e+00
   1.2840000e+01   1.5000000e+00   1.5004888e+00   1.9962757e+00
   1.2860000e+01   1.5000000e+00   1.5004888e+00   1.9955499e+00
   1.2880000e+01   1.5000000e+00   1.5102639e+00   1.8848534e+00
   1.2900000e+01   1.5000000e+00   1.5004888e+00   1.9795821e+00
   1.2920000e+01   1.5000000e+00   1.5004888e+00   1.9788563e+00
   1.2940000e+01   1.5000000e+00   1.4956012e+00   2.0331158e+00
   1.2960000e+01   1.5000000e+00   1.5004888e+00   1.9846628e+00
   1.2980000e+01   1.5000000e+00   1.5004888e+00   1.9839370e+00
   1.3000000e+01   1.5000000e+00   1.5053763e+00   1.9282258e+00
   1.3020000e+01   1.5000000e+00   1.5004888e+00   1.9752273e+00
   1.3040000e+01   1.5000000e+00   1.4956012e+00   2.0294868e+00
   1.3060000e+01   1.5000000e+00   1.5004888e+00   1.9810337e+00
   1.3080000e+01   1.5000000e+00   1.5053763e+00   1.9253226e+00
   1.3100000e+01   1.5000000e+00   1.5151515e+00   1.8073680e+00
   1.3120000e+01   1.5000000e+00   1.5053763e+00   1.8948387e+00
   1.3140000e+01   1.5000000e+00   1.5004888e+00   1.9418402e+00
   1.3160000e+01   1.5000000e+00   1.5053763e+00   1.8861290e+00
   1.3180000e+01   1.5000000e+00   1.4907136e+00   2.0431012e+00
   1.3200000e+01   1.5000000e+00   1.5004888e+00   1.9469208e+00
   1.3220000e+01   1.5000000e+00   1.4858260e+00   2.1111510e+00
   1.3240000e+01   1.5000000e+00   1.4907136e+00   2.0772141e+00
   1.3260000e+01   1.5000000e+00   1.5004888e+00   1.9810337e+00
   1.3280000e+01   1.5000000e+00   1.4956012e+00   2.0352933e+00
   1.3300000e+01   1.5000000e+00   1.5053763e+00   1.9318548e+00
   1.3320000e+01   1.5000000e+00   1.5004888e+00   1.9788563e+00
   1.3340000e+01   1.5000000e+00   1.5004888e+00   1.9781305e+00
   1.3360000e+01   1.5000000e+00   1.4956012e+00   2.0323900e+00
   1.3380000e+01   1.5000000e+00   1.4956012e+00   2.0389223e+00
   1.3400000e+01   1.5000000e+00   1.4956012e+00   2.0454545e+00
   1.3420000e+01   1.5000000e+00   1.5004888e+00   1.9970015e+00
   1.3440000e+01   1.5000000e+00   1.5053763e+00   1.9412903e+00
   1.3460000e+01   1.5000000e+00   1.5151515e+00   1.8233358e+00
   1.3480000e+01   1.5000000e+00   1.5200391e+00   1.7458504e+00
   1.3500000e+01   1.5000000e+00   1.5053763e+00   1.8810484e+00
   1.3520000e+01   1.5000000e+00   1.5102639e+00   1.8180792e+00
   1.3540000e+01   1.5000000e+00   1.4956012e+00   1.9677933e+00
   1.3560000e+01   1.5000000e+00   1.4956012e+00   1.9743255e+00
   1.3580000e+01   1.5000000e+00   1.4858260e+00   2.0908284e+00
   1.3600000e+01   1.5000000e+00   1.4907136e+00   2.0568915e+00
   1.3620000e+01   1.5000000e+00   1.4907136e+00   2.0706818e+00
   1.3640000e+01   1.5000000e+00   1.4956012e+00   2.0294868e+00
   1.3660000e+01   1.5000000e+00   1.4956012e+00   2.0360191e+00
   1.3680000e+01   1.5000000e+00   1.5053763e+00   1.9325806e+00
   1.3700000e+01   1.5000000e+00   1.5004888e+00   1.9795821e+00
   1.3720000e+01   1.5000000e+00   1.5004888e+00   1.9788563e+00
   1.3740000e+01   1.5000000e+00   1.5102639e+00   1.8681598e+00
   1.3760000e+01   1.5000000e+00   1.4956012e+00   2.0178739e+00
   1.3780000e+01   1.5000000e+00   1.4956012e+00   2.0244062e+00
   1.3800000e+01   1.5000000e+00   1.5004888e+00   1.9759531e+00
   1.3820000e+01   1.5000000e+00   1.5004888e+00   1.9752273e+00
   1.3840000e+01   1.5000000e+00   1.5004888e+00   1.9745015e+00
   1.3860000e+01   1.5000000e+00   1.4907136e+00   2.0837463e+00
   1.3880000e+01   1.5000000e+00   1.5004888e+00   1.9875660e+00
   1.3900000e+01   1.5000000e+00   1.5053763e+00   1.9318548e+00
   1.3920000e+01   1.5000000e+00   1.5102639e+00   1.8688856e+00
   1.3940000e+01   1.5000000e+00   1.5102639e+00   1.8536437e+00
   1.3960000e+01   1.5000000e+00   1.5004888e+00   1.9483724e+00
   1.3980000e+01   1.5000000e+00   1.5004888e+00   1.9476466e+00
   1.4000000e+01   1.5000000e+00   1.4907136e+00   2.0568915e+00
   1.4020000e+01   1.5000000e+00   1.4956012e+00   2.0156965e+00
   1.4040000e+01   1.5000000e+00   1.5004888e+00   1.9672434e+00
   1.4060000e+01   1.5000000e+00   1.4956012e+00   2.0215029e+00
   1.4080000e+01   1.5000000e+00   1.5004888e+00   1.9730499e+00
   1.4100000e+01   1.5000000e+00   1.5004888e+00   1.9723240e+00
   1.4120000e+01   1.5000000e+00   1.5102639e+00   1.8616276e+00
   1.4140000e+01   1.5000000e+00   1.5102639e+00   1.8463856e+00
   1.4160000e+01   1.5000000e+00   1.5102639e+00   1.8311437e+00
   1.4180000e+01   1.5000000e+00   1.5004888e+00   1.9258724e+00
   1.4200000e+01   1.5000000e+00   1.5053763e+00   1.8701613e+00
   1.4220000e+01   1.5000000e+00   1.4956012e+00   1.9721481e+00
   1.4240000e+01   1.5000000e+00   1.4956012e+00   1.9786804e+00
   1.4260000e+01   1.5000000e+00   1.4907136e+00   2.0401979e+00
   1.4280000e+01   1.5000000e+00   1.5004888e+00   1.9440176e+00
   1.4300000e+01   1.5000000e+00   1.4956012e+00   1.9982771e+00
   1.4320000e+01   1.5000000e+00   1.5053763e+00   1.8948387e+00
   1.4340000e+01   1.5000000e+00   1.5053763e+00   1.8868548e+00
   1.4360000e+01   1.5000000e+00   1.5102639e+00   1.8238856e+00
   1.4380000e+01   1.5000000e+00   1.5102639e+00   1.8086437e+00
   1.4400000e+01   1.5000000e+00   1.5102639e+00   1.7934018e+00
   1.4420000e+01   1.5000000e+00   1.5151515e+00   1.7231745e+00
   1.4440000e+01   1.5000000e+00   1.4956012e+00   1.9206158e+00
   1.4460000e+01   1.5000000e+00   1.5004888e+00   1.8721628e+00
   1.4480000e+01   1.5000000e+00   1.4956012e+00   1.9264223e+00
   1.4500000e+01   1.5000000e+00   1.4858260e+00   2.0429252e+00
   1.4520000e+01   1.5000000e+00   1.4907136e+00   2.0089883e+00
   1.4540000e+01   1.5000000e+00   1.4907136e+00   2.0227786e+00
   1.4560000e+01   1.5000000e+00   1.4956012e+00   1.9815836e+00
   1.4580000e+01   1.5000000e+00   1.4907136e+00   2.0431012e+00
   1.4600000e+01   1.5000000e+00   1.4956012e+00   2.0019062e+00
   1.4620000e+01   1.5000000e+00   1.4956012e+00   2.0084384e+00
   1.4640000e+01   1.5000000e+00   1.5004888e+00   1.9599853e+00
   1.4660000e+01   1.5000000e+00   1.5004888e+00   1.9592595e+00
   1.4680000e+01   1.5000000e+00   1.5004888e+00   1.9585337e+00
   1.4700000e+01   1.5000000e+00   1.5053763e+00   1.9028226e+00
   1.4720000e+01   1.5000000e+00   1.5004888e+00   1.9498240e+00
   1.4740000e+01   1.5000000e+00   1.5053763e+00   1.8941129e+00
   1.4760000e+01   1.5000000e+00   1.5004888e+00   1.9411144e+00
   1.4780000e+01   1.5000000e+00   1.5004888e+00   1.9403886e+00
   1.4800000e+01   1.5000000e+00   1.5053763e+00   1.8846774e+00
   1.4820000e+01   1.5000000e+00   1.4956012e+00   1.9866642e+00
   1.4840000e+01   1.5000000e+00   1.4907136e+00   2.0481818e+00
   1.4860000e+01   1.5000000e+00   1.4956012e+00   2.0069868e+00
   1.4880000e+01   1.5000000e+00   1.4956012e+00   2.0135191e+00
   1.4900000e+01   1.5000000e+00   1.4956012e+00   2.0200513e+00
   1.4920000e+01   1.5000000e+00   1.5004888e+00   1.9715982e+00
   1.4940000e+01   1.5000000e+00   1.5004888e+00   1.9708724e+00
   1.4960000e+01   1.5000000e+00   1.5004888e+00   1.9701466e+00
   1.4980000e+01   1.5000000e+00   1.5004888e+00   1.9694208e+00
   1.5000000e+01   1.0000000e+00   1.4956012e+00  -3.6013196e+00
   1.5020000e+01   1.0000000e+00   1.4956012e+00  -4.3372874e+00
   1.5040000e+01   1.0000000e+00   1.4809384e+00  -4.9082991e+00
   1.5060000e+01   1.0000000e+00   1.3831867e+00  -4.5227859e+00
   1.5080000e+01   1.0000000e+00   1.3587488e+00  -4.8168915e+00
   1.5100000e+01   1.0000000e+00   1.3245357e+00  -4.9647361e+00
   1.5120000e+01   1.0000000e+00   1.1730205e+00  -3.7421261e+00
   1.5140000e+01   1.0000000e+00   1.1436950e+00  -3.6691496e+00
   1.5160000e+01   1.0000000e+00   1.0508309e+00  -2.8378152e+00
   1.5180000e+01   1.0000000e+00   1.0019550e+00  -2.3634457e+00
   1.5200000e+01   1.0000000e+00   9.0420332e-01  -1.2666422e+00
   1.5220000e+01   1.0000000e+00   8.7487781e-01  -7.9447214e-01
   1.5240000e+01   1.0000000e+00   7.8690127e-01   3.8107038e-01
   1.5260000e+01   1.0000000e+00   7.6735093e-01   9.1746334e-01
   1.5280000e+01   1.0000000e+00   7.4291300e-01   1.5378739e+00
   1.5300000e+01   1.0000000e+00   7.2336266e-01   2.1395894e+00
   1.5320000e+01   1.0000000e+00   7.3313783e-01   2.4404252e+00
   1.5340000e+01   1.0000000e+00   8.3088954e-01   1.7370088e+00
   1.5360000e+01   1.0000000e+00   8.7487781e-01   1.4932698e+00
   1.5380000e+01   1.0000000e+00   9.1886608e-01   1.1842082e+00
   1.5400000e+01   1.0000000e+00   1.0166178e+00   2.0498534e-01
   1.5420000e+01   1.0000000e+00   1.0312805e+00   1.5351906e-02
   1.5440000e+01   1.0000000e+00   1.0215054e+00   7.8870968e-02
   1.5460000e+01   1.0000000e+00   1.0068426e+00   2.1189150e-01
   1.5480000e+01   1.0000000e+00   8.7976540e-01   1.6313490e+00
   1.5500000e+01   1.0000000e+00   8.6510264e-01   1.9748534e+00
   1.5520000e+01   1.0000000e+00   8.4555230e-01   2.3951173e+00
   1.5540000e+01   1.0000000e+00   8.7487781e-01   2.2945601e+00
   1.5560000e+01   1.0000000e+00   9.6774194e-01   1.4356452e+00
   1.5580000e+01   1.0000000e+00   1.0215054e+00   8.7870968e-01
   1.5600000e+01   1.0000000e+00   1.0850440e+00   1.3196481e-01
   1.5620000e+01   1.0000000e+00   1.0850440e+00   5.6744868e-03
   1.5640000e+01   1.0000000e+00   1.0654936e+00   9.9325513e-02
   1.5660000e+01   1.0000000e+00   9.9217986e-01   8.2684751e-01
   1.5680000e+01   1.0000000e+00   9.6774194e-01   1.1133871e+00
   1.5700000e+01   1.0000000e+00   9.4330401e-01   1.4362170e+00
   1.5720000e+01   1.0000000e+00   9.1397849e-01   1.8503226e+00
   1.5740000e+01   1.0000000e+00   9.1397849e-01   1.9780645e+00
   1.5760000e+01   1.0000000e+00   9.2864125e-01   1.9408504e+00
   1.5780000e+01   1.0000000e+00   9.8729228e-01   1.3869941e+00
   1.5800000e+01   1.0000000e+00   1.0068426e+00   1.1859238e+00
   1.5820000e+01   1.0000000e+00   1.0361681e+00   8.4585044e-01
   1.5840000e+01   1.0000000e+00   1.0410557e+00   7.3715543e-01
   1.5860000e+01   1.0000000e+00   1.0361681e+00   7.3117302e-01
   1.5880000e+01   1.0000000e+00   1.0215054e+00   8.4241935e-01
   1.5900000e+01   1.0000000e+00   9.8240469e-01   1.2503666e+00
   1.5920000e+01   1.0000000e+00   9.5796676e-01   1.5514223e+00
   1.5940000e+01   1.0000000e+00   9.4819159e-01   1.7238123e+00
   1.5960000e+01   1.0000000e+00   9.4330401e-01   1.8557331e+00
   1.5980000e+01   1.0000000e+00   9.5796676e-01   1.7749707e+00
   1.6000000e+01   1.0000000e+00   1.0068426e+00   1.2875367e+00
   1.6020000e+01   1.0000000e+00   1.0263930e+00   1.0574340e+00
   1.6040000e+01   1.0000000e+00   1.0361681e+00   9.0826979e-01
   1.6060000e+01   1.0000000e+00   1.0312805e+00   9.0954545e-01
   1.6080000e+01   1.0000000e+00   1.0166178e+00   1.0280499e+00
   1.6100000e+01   1.0000000e+00   9.8729228e-01   1.3332845e+00
   1.6120000e+01   1.0000000e+00   9.8240469e-01   1.4071408e+00
   1.6140000e+01   1.0000000e+00   9.7262952e-01   1.5432405e+00
   1.6160000e+01   1.0000000e+00   9.8240469e-01   1.4739150e+00
   1.6180000e+01   1.0000000e+00   9.9217986e-01   1.3900733e+00
   1.6200000e+01   1.0000000e+00   1.0215054e+00   1.0717742e+00
   1.6220000e+01   1.0000000e+00   1.0215054e+00   1.0398387e+00
   1.6240000e+01   1.0000000e+00   1.0215054e+00   1.0079032e+00
   1.6260000e+01   1.0000000e+00   1.0166178e+00   1.0309531e+00
   1.6280000e+01   1.0000000e+00   1.0117302e+00   1.0612610e+00
   1.6300000e+01   1.0000000e+00   9.9217986e-01   1.2637830e+00
   1.6320000e+01   1.0000000e+00   9.8240469e-01   1.3853666e+00
   1.6340000e+01   1.0000000e+00   9.7751711e-01   1.4664809e+00
   1.6360000e+01   1.0000000e+00   9.7751711e-01   1.4998680e+00
   1.6380000e+01   1.0000000e+00   9.9217986e-01   1.3682991e+00
   1.6400000e+01   1.0000000e+00   9.9706745e-01   1.3249267e+00
   1.6420000e+01   1.0000000e+00   1.0068426e+00   1.2193109e+00
   1.6440000e+01   1.0000000e+00   1.0117302e+00   1.1541642e+00
   1.6460000e+01   1.0000000e+00   1.0117302e+00   1.1367449e+00
   1.6480000e+01   1.0000000e+00   1.0068426e+00   1.1743109e+00
   1.6500000e+01   1.0000000e+00   1.0019550e+00   1.2191349e+00
   1.6520000e+01   1.0000000e+00   1.0019550e+00   1.2162317e+00
   1.6540000e+01   1.0000000e+00   9.8729228e-01   1.3782845e+00
   1.6560000e+01   1.0000000e+00   9.9217986e-01   1.3421701e+00
   1.6580000e+01   1.0000000e+00   9.8729228e-01   1.4087683e+00
   1.6600000e+01   1.0000000e+00   9.9706745e-01   1.3176686e+00
   1.6620000e+01   1.0000000e+00   1.0117302e+00   1.1570674e+00
   1.6640000e+01   1.0000000e+00   1.0117302e+00   1.1396481e+00
   1.6660000e+01   1.0000000e+00   1.0019550e+00   1.2321994e+00
   1.6680000e+01   1.0000000e+00   1.0117302e+00   1.1193255e+00
   1.6700000e+01   1.0000000e+00   9.8729228e-01   1.3768328e+00
   1.6720000e+01   1.0000000e+00   9.8729228e-01   1.3957038e+00
   1.6740000e+01   1.0000000e+00   9.8240469e-01   1.4695601e+00
   1.6760000e+01   1.0000000e+00   9.9706745e-01   1.3307331e+00
   1.6780000e+01   1.0000000e+00   1.0117302e+00   1.1701320e+00
   1.6800000e+01   1.0000000e+00   1.0166178e+00   1.0977273e+00
   1.6820000e+01   1.0000000e+00   1.0166178e+00   1.0730499e+00
   1.6840000e+01   1.0000000e+00   9.9706745e-01   1.2683138e+00
   1.6860000e+01   1.0000000e+00   9.9706745e-01   1.2726686e+00
   1.6880000e+01   1.0000000e+00   9.9706745e-01   1.2770235e+00
   1.6900000e+01   1.0000000e+00   9.8729228e-01   1.3913490e+00
   1.6920000e+01   1.0000000e+00   9.8240469e-01   1.4652053e+00
   1.6940000e+01   1.0000000e+00   9.9217986e-01   1.3813636e+00
   1.6960000e+01   1.0000000e+00   1.0019550e+00   1.2830059e+00
   1.6980000e+01   1.0000000e+00   1.0117302e+00   1.1701320e+00
   1.7000000e+01   1.0000000e+00   1.0215054e+00   1.0427419e+00
   1.7020000e+01   1.0000000e+00   1.0166178e+00   1.0657918e+00
   1.7040000e+01   1.0000000e+00   1.0019550e+00   1.2060704e+00
   1.7060000e+01   1.0000000e+00   1.0117302e+00   1.0931965e+00
   1.7080000e+01   1.0000000e+00   9.8729228e-01   1.3507038e+00
   1.7100000e+01   1.0000000e+00   9.8729228e-01   1.3695748e+00
   1.7120000e+01   1.0000000e+00   9.9217986e-01   1.3334604e+00
   1.7140000e+01   1.0000000e+00   9.9217986e-01   1.3450733e+00
   1.7160000e+01   1.0000000e+00   1.0068426e+00   1.1917302e+00
   1.7180000e+01   1.0000000e+00   1.0068426e+00   1.1815689e+00
   1.7200000e+01   1.0000000e+00   1.0068426e+00   1.1714076e+00
   1.7220000e+01   1.0000000e+00   1.0019550e+00   1.2162317e+00
   1.7240000e+01   1.0000000e+00   9.9706745e-01   1.2683138e+00
   1.7260000e+01   1.0000000e+00   9.9706745e-01   1.2726686e+00
   1.7280000e+01   1.0000000e+00   9.9706745e-01   1.2770235e+00
   1.7300000e+01   1.0000000e+00   9.9217986e-01   1.3363636e+00
   1.7320000e+01   1.0000000e+00   9.9706745e-01   1.2929912e+00
   1.7340000e+01   1.0000000e+00   1.0019550e+00   1.2423607e+00
   1.7360000e+01   1.0000000e+00   1.0019550e+00   1.2394575e+00
   1.7380000e+01   1.0000000e+00   1.0068426e+00   1.1815689e+00
   1.7400000e+01   1.0000000e+00   1.0019550e+00   1.2263930e+00
   1.7420000e+01   1.0000000e+00   9.9706745e-01   1.2784751e+00
   1.7440000e+01   1.0000000e+00   9.9217986e-01   1.3378152e+00
   1.7460000e+01   1.0000000e+00   9.9217986e-01   1.3494282e+00
   1.7480000e+01   1.0000000e+00   9.9706745e-01   1.3060557e+00
   1.7500000e+01   1.0000000e+00   1.0019550e+00   1.2554252e+00
   1.7520000e+01   1.0000000e+00   1.0019550e+00   1.2525220e+00
   1.7540000e+01   1.0000000e+00   1.0019550e+00   1.2496188e+00
   1.7560000e+01   1.0000000e+00   1.0019550e+00   1.2467155e+00
   1.7580000e+01   1.0000000e+00   1.0068426e+00   1.1888270e+00
   1.7600000e+01   1.0000000e+00   9.9217986e-01   1.3436217e+00
   1.7620000e+01   1.0000000e+00   9.9706745e-01   1.3002493e+00
   1.7640000e+01   1.0000000e+00   9.9706745e-01   1.3046041e+00
   1.7660000e+01   1.0000000e+00   9.9706745e-01   1.3089589e+00
   1.7680000e+01   1.0000000e+00   1.0019550e+00   1.2583284e+00
   1.7700000e+01   1.0000000e+00   1.0019550e+00   1.2554252e+00
   1.7720000e+01   1.0000000e+00   1.0068426e+00   1.1975367e+00
   1.7740000e+01   1.0000000e+00   1.0019550e+00   1.2423607e+00
   1.7760000e+01   1.0000000e+00   9.9706745e-01   1.2944428e+00
   1.7780000e+01   1.0000000e+00   9.9706745e-01   1.2987977e+00
   1.7800000e+01   1.0000000e+00   9.8729228e-01   1.4131232e+00
   1.7820000e+01   1.0000000e+00   9.9706745e-01   1.3220235e+00
   1.7840000e+01   1.0000000e+00   1.0019550e+00   1.2713930e+00
   1.7860000e+01   1.0000000e+00   1.0117302e+00   1.1585191e+00
   1.7880000e+01   1.0000000e+00   1.0215054e+00   1.0311290e+00
   1.7900000e+01   1.0000000e+00   1.0166178e+00   1.0541789e+00
   1.7920000e+01   1.0000000e+00   1.0068426e+00   1.1394721e+00
   1.7940000e+01   1.0000000e+00   9.9217986e-01   1.2942669e+00
   1.7960000e+01   1.0000000e+00   9.9217986e-01   1.3058798e+00
   1.7980000e+01   1.0000000e+00   9.8240469e-01   1.4274633e+00
   1.8000000e+01   1.0000000e+00   9.8240469e-01   1.4535924e+00
   1.8020000e+01   1.0000000e+00   9.9217986e-01   1.3697507e+00
   1.8040000e+01   1.0000000e+00   1.0117302e+00   1.1614223e+00
   1.8060000e+01   1.0000000e+00   1.0215054e+00   1.0340323e+00
   1.8080000e+01   1.0000000e+00   1.0215054e+00   1.0020968e+00
   1.8100000e+01   1.0000000e+00   1.0068426e+00   1.1351173e+00
   1.8120000e+01   1.0000000e+00   1.0019550e+00   1.1799413e+00
   1.8140000e+01   1.0000000e+00   9.8240469e-01   1.3969795e+00
   1.8160000e+01   1.0000000e+00   9.8240469e-01   1.4231085e+00
   1.8180000e+01   1.0000000e+00   9.8240469e-01   1.4492375e+00
   1.8200000e+01   1.0000000e+00   9.8729228e-01   1.4203812e+00
   1.8220000e+01   1.0000000e+00   1.0068426e+00   1.2193109e+00
   1.8240000e+01   1.0000000e+00   1.0117302e+00   1.1541642e+00
   1.8260000e+01   1.0000000e+00   1.0117302e+00   1.1367449e+00
   1.8280000e+01   1.0000000e+00   1.0117302e+00   1.1193255e+00
   1.8300000e+01   1.0000000e+00   1.0019550e+00   1.2118768e+00
   1.8320000e+01   1.0000000e+00   1.0068426e+00   1.1539883e+00
   1.8340000e+01   1.0000000e+00   9.9217986e-01   1.3087830e+00
   1.8360000e+01   1.0000000e+00   9.8240469e-01   1.4303666e+00
   1.8380000e+01   1.0000000e+00   9.8240469e-01   1.4564956e+00
   1.8400000e+01   1.0000000e+00   9.8729228e-01   1.4276393e+00
   1.8420000e+01   1.0000000e+00   9.9706745e-01   1.3365396e+00
   1.8440000e+01   1.0000000e+00   1.0068426e+00   1.2309238e+00
   1.8460000e+01   1.0000000e+00   1.0166178e+00   1.1107918e+00
   1.8480000e+01   1.0000000e+00   1.0166178e+00   1.0861144e+00
   1.8500000e+01   1.0000000e+00   1.0068426e+00   1.1714076e+00
   1.8520000e+01   1.0000000e+00   1.0019550e+00   1.2162317e+00
   1.8540000e+01   1.0000000e+00   9.9217986e-01   1.3232991e+00
   1.8560000e+01   1.0000000e+00   9.8240469e-01   1.4448827e+00
   1.8580000e+01   1.0000000e+00   9.8240469e-01   1.4710117e+00
   1.8600000e+01   1.0000000e+00   9.8729228e-01   1.4421554e+00
   1.8620000e+01   1.0000000e+00   1.0117302e+00   1.1860997e+00
   1.8640000e+01   1.0000000e+00   1.0166178e+00   1.1136950e+00
   1.8660000e+01   1.0000000e+00   1.0166178e+00   1.0890176e+00
   1.8680000e+01   1.0000000e+00   1.0166178e+00   1.0643402e+00
   1.8700000e+01   1.0000000e+00   1.0166178e+00   1.0396628e+00
   1.8720000e+01   1.0000000e+00   9.9706745e-01   1.2349267e+00
   1.8740000e+01   1.0000000e+00   9.8240469e-01   1.4042375e+00
   1.8760000e+01   1.0000000e+00   9.7262952e-01   1.5403372e+00
   1.8780000e+01   1.0000000e+00   9.7751711e-01   1.5259971e+00
   1.8800000e+01   1.0000000e+00   9.8240469e-01   1.5043988e+00
   1.8820000e+01   1.0000000e+00   1.0068426e+00   1.2556012e+00
   1.8840000e+01   1.0000000e+00   1.0117302e+00   1.1904545e+00
   1.8860000e+01   1.0000000e+00   1.0117302e+00   1.1730352e+00
   1.8880000e+01   1.0000000e+00   1.0215054e+00   1.0456452e+00
   1.8900000e+01   1.0000000e+00   1.0117302e+00   1.1236804e+00
   1.8920000e+01   1.0000000e+00   1.0166178e+00   1.0512757e+00
   1.8940000e+01   1.0000000e+00   1.0068426e+00   1.1365689e+00
   1.8960000e+01   1.0000000e+00   1.0068426e+00   1.1264076e+00
   1.8980000e+01   1.0000000e+00   9.9217986e-01   1.2812023e+00
   1.9000000e+01   1.0000000e+00   9.9217986e-01   1.2928152e+00
   1.9020000e+01   1.0000000e+00   9.8240469e-01   1.4143988e+00
   1.9040000e+01   1.0000000e+00   9.8729228e-01   1.3855425e+00
   1.9060000e+01   1.0000000e+00   9.9217986e-01   1.3494282e+00
   1.9080000e+01   1.0000000e+00   1.0019550e+00   1.2510704e+00
   1.9100000e+01   1.0000000e+00   1.0068426e+00   1.1931818e+00
   1.9120000e+01   1.0000000e+00   1.0019550e+00   1.2380059e+00
   1.9140000e+01   1.0000000e+00   1.0019550e+00   1.2351026e+00
   1.9160000e+01   1.0000000e+00   9.9706745e-01   1.2871848e+00
   1.9180000e+01   1.0000000e+00   1.0019550e+00   1.2365543e+00
   1.9200000e+01   1.0000000e+00   1.0068426e+00   1.1786657e+00
   1.9220000e+01   1.0000000e+00   1.0019550e+00   1.2234897e+00
   1.9240000e+01   1.0000000e+00   1.0019550e+00   1.2205865e+00
   1.9260000e+01   1.0000000e+00   9.8729228e-01   1.3826393e+00
   1.9280000e+01   1.0000000e+00   9.9706745e-01   1.2915396e+00
   1.9300000e+01   1.0000000e+00   9.9217986e-01   1.3508798e+00
   1.9320000e+01   1.0000000e+00   1.0019550e+00   1.2525220e+00
   1.9340000e+01   1.0000000e+00   9.9706745e-01   1.3046041e+00
   1.9360000e+01   1.0000000e+00   1.0019550e+00   1.2539736e+00
   1.9380000e+01   1.0000000e+00   1.0019550e+00   1.2510704e+00
   1.9400000e+01   1.0000000e+00   1.0068426e+00   1.1931818e+00
   1.9420000e+01   1.0000000e+00   1.0019550e+00   1.2380059e+00
   1.9440000e+01   1.0000000e+00   9.9706745e-01   1.2900880e+00
   1.9460000e+01   1.0000000e+00   1.0019550e+00   1.2394575e+00
   1.9480000e+01   1.0000000e+00   1.0019550e+00   1.2365543e+00
   1.9500000e+01   1.0000000e+00   1.0019550e+00   1.2336510e+00
   1.9520000e+01   1.0000000e+00   9.9706745e-01   1.2857331e+00
   1.9540000e+01   1.0000000e+00   1.0068426e+00   1.1801173e+00
   1.9560000e+01   1.0000000e+00   1.0019550e+00   1.2249413e+00
   1.9580000e+01   1.0000000e+00   1.0019550e+00   1.2220381e+00
   1.9600000e+01   1.0000000e+00   9.9217986e-01   1.3291056e+00
   1.9620000e+01   1.0000000e+00   9.9217986e-01   1.3407185e+00
   1.9640000e+01   1.0000000e+00   9.8729228e-01   1.4073167e+00
   1.9660000e+01   1.0000000e+00   9.9217986e-01   1.3712023e+00
   1.9680000e+01   1.0000000e+00   9.9706745e-01   1.3278299e+00
   1.9700000e+01   1.0000000e+00   1.0166178e+00   1.1122434e+00
   1.9720000e+01   1.0000000e+00   1.0166178e+00   1.0875660e+00
   1.9740000e+01   1.0000000e+00   1.0166178e+00   1.0628886e+00
   1.9760000e+01   1.0000000e+00   1.0019550e+00   1.2031672e+00
   1.9780000e+01   1.0000000e+00   9.9706745e-01   1.2552493e+00
   1.9800000e+01   1.0000000e+00   9.9706745e-01   1.2596041e+00
   1.9820000e+01   1.0000000e+00   9.9706745e-01   1.2639589e+00
   1.9840000e+01   1.0000000e+00   9.9217986e-01   1.3232991e+00
   1.9860000e+01   1.0000000e+00   9.9706745e-01   1.2799267e+00
   1.9880000e+01   1.0000000e+00   9.8729228e-01   1.3942522e+00
   1.9900000e+01   1.0000000e+00   9.9217986e-01   1.3581378e+00
   1.9920000e+01   1.0000000e+00   9.9706745e-01   1.3147654e+00
   1.9940000e+01   1.0000000e+00   9.9706745e-01   1.3191202e+00
   1.9960000e+01   1.0000000e+00   1.0019550e+00   1.2684897e+00
   1.9980000e+01   1.0000000e+00   1.0019550e+00   1.2655865e+00
   2.0000000e+01   1.5000000e+00   1.0117302e+00   6.7777126e+00
