   0.0000000e+00   1.5000000e+00   0.0000000e+00   0.0000000e+00
   2.0000000e-02   1.5000000e+00   0.0000000e+00   6.0000000e-02
   4.0000000e-02   1.5000000e+00   0.0000000e+00   1.2000000e-01
   6.0000000e-02   1.5000000e+00   0.0000000e+00   1.8000000e-01
   8.0000000e-02   1.5000000e+00   0.0000000e+00   2.4000000e-01
   1.0000000e-01   1.5000000e+00   0.0000000e+00   3.0000000e-01
   1.2000000e-01   1.5000000e+00   0.0000000e+00   3.6000000e-01
   1.4000000e-01   1.5000000e+00   0.0000000e+00   4.2000000e-01
   1.6000000e-01   1.5000000e+00   0.0000000e+00   4.8000000e-01
   1.8000000e-01   1.5000000e+00   0.0000000e+00   5.4000000e-01
   2.0000000e-01   1.5000000e+00   0.0000000e+00   6.0000000e-01
   2.2000000e-01   1.5000000e+00   0.0000000e+00   6.6000000e-01
   2.4000000e-01   1.5000000e+00   0.0000000e+00   7.2000000e-01
   2.6000000e-01   1.5000000e+00   3.4213099e-02   7.8000000e-01
   2.8000000e-01   1.5000000e+00   5.3763441e-02   8.3863148e-01
   3.0000000e-01   1.5000000e+00   6.8426197e-02   8.9648094e-01
   3.2000000e-01   1.5000000e+00   8.7976540e-02   9.5374389e-01
   3.4000000e-01   1.5000000e+00   1.1730205e-01   1.0102248e+00
   3.6000000e-01   1.5000000e+00   1.4662757e-01   1.0655327e+00
   3.8000000e-01   1.5000000e+00   1.7595308e-01   1.1196676e+00
   4.0000000e-01   1.5000000e+00   2.1016618e-01   1.1726295e+00
   4.2000000e-01   1.5000000e+00   2.3460411e-01   1.2242229e+00
   4.4000000e-01   1.5000000e+00   2.6881720e-01   1.2748387e+00
   4.6000000e-01   1.5000000e+00   3.0791789e-01   1.3240860e+00
   4.8000000e-01   1.5000000e+00   3.5679374e-01   1.3717693e+00
   5.0000000e-01   1.5000000e+00   3.8611926e-01   1.4174976e+00
   5.2000000e-01   1.5000000e+00   4.3010753e-01   1.4620528e+00
   5.4000000e-01   1.5000000e+00   4.7409580e-01   1.5048485e+00
   5.6000000e-01   1.5000000e+00   5.0342131e-01   1.5458847e+00
   5.8000000e-01   1.5000000e+00   5.4740958e-01   1.5857478e+00
   6.0000000e-01   1.5000000e+00   5.9139785e-01   1.6238514e+00
   6.2000000e-01   1.5000000e+00   6.3538612e-01   1.6601955e+00
   6.4000000e-01   1.5000000e+00   6.7937439e-01   1.6947801e+00
   6.6000000e-01   1.5000000e+00   7.2336266e-01   1.7276051e+00
   6.8000000e-01   1.5000000e+00   7.4780059e-01   1.7586706e+00
   7.0000000e-01   1.5000000e+00   7.8690127e-01   1.7887586e+00
   7.2000000e-01   1.5000000e+00   8.6510264e-01   1.8172825e+00
   7.4000000e-01   1.5000000e+00   9.0420332e-01   1.8426784e+00
   7.6000000e-01   1.5000000e+00   9.3841642e-01   1.8665103e+00
   7.8000000e-01   1.5000000e+00   9.8729228e-01   1.8889736e+00
   8.0000000e-01   1.5000000e+00   1.0068426e+00   1.9094819e+00
   8.2000000e-01   1.5000000e+00   1.0459433e+00   1.9292082e+00
   8.4000000e-01   1.5000000e+00   1.0752688e+00   1.9473705e+00
   8.6000000e-01   1.5000000e+00   1.1143695e+00   1.9643597e+00
   8.8000000e-01   1.5000000e+00   1.1436950e+00   1.9797849e+00
   9.0000000e-01   1.5000000e+00   1.1681329e+00   1.9940371e+00
   9.2000000e-01   1.5000000e+00   1.1925709e+00   2.0073118e+00
   9.4000000e-01   1.5000000e+00   1.2218964e+00   2.0196090e+00
   9.6000000e-01   1.5000000e+00   1.2414467e+00   2.0307331e+00
   9.8000000e-01   1.5000000e+00   1.2707722e+00   2.0410753e+00
   1.0000000e+00   1.5000000e+00   1.2952102e+00   2.0502444e+00
   1.0200000e+00   1.5000000e+00   1.3294233e+00   2.0584360e+00
   1.0400000e+00   1.5000000e+00   1.3440860e+00   2.0652590e+00
   1.0600000e+00   1.5000000e+00   1.3734115e+00   2.0714956e+00
   1.0800000e+00   1.5000000e+00   1.3831867e+00   2.0765591e+00
   1.1000000e+00   1.5000000e+00   1.4125122e+00   2.0812317e+00
   1.1200000e+00   1.5000000e+00   1.4418377e+00   2.0847312e+00
   1.1400000e+00   1.5000000e+00   1.4516129e+00   2.0870577e+00
   1.1600000e+00   1.5000000e+00   1.4809384e+00   2.0889932e+00
   1.1800000e+00   1.5000000e+00   1.4956012e+00   2.0897556e+00
   1.2000000e+00   1.5000000e+00   1.5102639e+00   2.0899316e+00
   1.2200000e+00   1.5000000e+00   1.5249267e+00   2.0895210e+00
   1.2400000e+00   1.5000000e+00   1.5298143e+00   2.0885239e+00
   1.2600000e+00   1.5000000e+00   1.5591398e+00   2.0873314e+00
   1.2800000e+00   1.5000000e+00   1.5738025e+00   2.0849658e+00
   1.3000000e+00   1.5000000e+00   1.5835777e+00   2.0820137e+00
   1.3200000e+00   1.5000000e+00   1.6031281e+00   2.0786706e+00
   1.3400000e+00   1.5000000e+00   1.6177908e+00   2.0745455e+00
   1.3600000e+00   1.5000000e+00   1.6226784e+00   2.0698338e+00
   1.3800000e+00   1.5000000e+00   1.6422287e+00   2.0649267e+00
   1.4000000e+00   1.5000000e+00   1.6471163e+00   2.0592375e+00
   1.4200000e+00   1.5000000e+00   1.6568915e+00   2.0533529e+00
   1.4400000e+00   1.5000000e+00   1.6666667e+00   2.0470772e+00
   1.4600000e+00   1.5000000e+00   1.6715543e+00   2.0404106e+00
   1.4800000e+00   1.5000000e+00   1.6959922e+00   2.0335484e+00
   1.5000000e+00   1.5000000e+00   1.6959922e+00   2.0257087e+00
   1.5200000e+00   1.5000000e+00   1.7057674e+00   2.0178690e+00
   1.5400000e+00   1.5000000e+00   1.7106549e+00   2.0096383e+00
   1.5600000e+00   1.5000000e+00   1.7204301e+00   2.0012121e+00
   1.5800000e+00   1.5000000e+00   1.7253177e+00   1.9923949e+00
   1.6000000e+00   1.5000000e+00   1.7204301e+00   1.9833822e+00
   1.6200000e+00   1.5000000e+00   1.7302053e+00   1.9745650e+00
   1.6400000e+00   1.5000000e+00   1.7253177e+00   1.9653568e+00
   1.6600000e+00   1.5000000e+00   1.7253177e+00   1.9563441e+00
   1.6800000e+00   1.5000000e+00   1.7204301e+00   1.9473314e+00
   1.7000000e+00   1.5000000e+00   1.7302053e+00   1.9385142e+00
   1.7200000e+00   1.5000000e+00   1.7350929e+00   1.9293060e+00
   1.7400000e+00   1.5000000e+00   1.7399804e+00   1.9199022e+00
   1.7600000e+00   1.5000000e+00   1.7302053e+00   1.9103030e+00
   1.7800000e+00   1.5000000e+00   1.7302053e+00   1.9010948e+00
   1.8000000e+00   1.5000000e+00   1.7350929e+00   1.8918866e+00
   1.8200000e+00   1.5000000e+00   1.7302053e+00   1.8824829e+00
   1.8400000e+00   1.5000000e+00   1.7302053e+00   1.8732747e+00
   1.8600000e+00   1.5000000e+00   1.7302053e+00   1.8640665e+00
   1.8800000e+00   1.5000000e+00   1.7302053e+00   1.8548583e+00
   1.9000000e+00   1.5000000e+00   1.7253177e+00   1.8456500e+00
   1.9200000e+00   1.5000000e+00   1.7253177e+00   1.8366373e+00
   1.9400000e+00   1.5000000e+00   1.7253177e+00   1.8276246e+00
   1.9600000e+00   1.5000000e+00   1.7253177e+00   1.8186119e+00
   1.9800000e+00   1.5000000e+00   1.7204301e+00   1.8095992e+00
   2.0000000e+00   1.5000000e+00   1.7253177e+00   1.8007820e+00
   2.0200000e+00   1.5000000e+00   1.7253177e+00   1.7917693e+00
   2.0400000e+00   1.5000000e+00   1.7155425e+00   1.7827566e+00
   2.0600000e+00   1.5000000e+00   1.7106549e+00   1.7741349e+00
   2.0800000e+00   1.5000000e+00   1.7106549e+00   1.7657087e+00
   2.1000000e+00   1.5000000e+00   1.7106549e+00   1.7572825e+00
   2.1200000e+00   1.5000000e+00   1.7106549e+00   1.7488563e+00
   2.1400000e+00   1.5000000e+00   1.7008798e+00   1.7404301e+00
   2.1600000e+00   1.5000000e+00   1.7057674e+00   1.7323949e+00
   2.1800000e+00   1.5000000e+00   1.6959922e+00   1.7241642e+00
   2.2000000e+00   1.5000000e+00   1.7008798e+00   1.7163245e+00
   2.2200000e+00   1.5000000e+00   1.6959922e+00   1.7082893e+00
   2.2400000e+00   1.5000000e+00   1.6911046e+00   1.7004497e+00
   2.2600000e+00   1.5000000e+00   1.6959922e+00   1.6928055e+00
   2.2800000e+00   1.5000000e+00   1.6911046e+00   1.6849658e+00
   2.3000000e+00   1.5000000e+00   1.6862170e+00   1.6773216e+00
   2.3200000e+00   1.5000000e+00   1.6862170e+00   1.6698729e+00
   2.3400000e+00   1.5000000e+00   1.6813294e+00   1.6624242e+00
   2.3600000e+00   1.5000000e+00   1.6715543e+00   1.6551711e+00
   2.3800000e+00   1.5000000e+00   1.6764418e+00   1.6483089e+00
   2.4000000e+00   1.5000000e+00   1.6764418e+00   1.6412512e+00
   2.4200000e+00   1.5000000e+00   1.6666667e+00   1.6341935e+00
   2.4400000e+00   1.5000000e+00   1.6617791e+00   1.6275269e+00
   2.4600000e+00   1.5000000e+00   1.6617791e+00   1.6210557e+00
   2.4800000e+00   1.5000000e+00   1.6471163e+00   1.6145846e+00
   2.5000000e+00   1.5000000e+00   1.6520039e+00   1.6086999e+00
   2.5200000e+00   1.5000000e+00   1.6520039e+00   1.6026197e+00
   2.5400000e+00   1.5000000e+00   1.6471163e+00   1.5965396e+00
   2.5600000e+00   1.5000000e+00   1.6471163e+00   1.5906549e+00
   2.5800000e+00   1.5000000e+00   1.6373412e+00   1.5847703e+00
   2.6000000e+00   1.5000000e+00   1.6324536e+00   1.5792766e+00
   2.6200000e+00   1.5000000e+00   1.6275660e+00   1.5739785e+00
   2.6400000e+00   1.5000000e+00   1.6324536e+00   1.5688759e+00
   2.6600000e+00   1.5000000e+00   1.6275660e+00   1.5635777e+00
   2.6800000e+00   1.5000000e+00   1.6129032e+00   1.5584751e+00
   2.7000000e+00   1.5000000e+00   1.6177908e+00   1.5539589e+00
   2.7200000e+00   1.5000000e+00   1.6177908e+00   1.5492473e+00
   2.7400000e+00   1.5000000e+00   1.6080156e+00   1.5445357e+00
   2.7600000e+00   1.5000000e+00   1.6080156e+00   1.5402151e+00
   2.7800000e+00   1.5000000e+00   1.6031281e+00   1.5358944e+00
   2.8000000e+00   1.5000000e+00   1.5933529e+00   1.5317693e+00
   2.8200000e+00   1.5000000e+00   1.5884653e+00   1.5280352e+00
   2.8400000e+00   1.5000000e+00   1.5884653e+00   1.5244966e+00
   2.8600000e+00   1.5000000e+00   1.5786901e+00   1.5209580e+00
   2.8800000e+00   1.5000000e+00   1.5786901e+00   1.5178104e+00
   2.9000000e+00   1.5000000e+00   1.5738025e+00   1.5146628e+00
   2.9200000e+00   1.5000000e+00   1.5738025e+00   1.5117107e+00
   2.9400000e+00   1.5000000e+00   1.5689150e+00   1.5087586e+00
   2.9600000e+00   1.5000000e+00   1.5591398e+00   1.5060020e+00
   2.9800000e+00   1.5000000e+00   1.5591398e+00   1.5036364e+00
   3.0000000e+00   1.5000000e+00   1.5444770e+00   1.5012708e+00
   3.0200000e+00   1.5000000e+00   1.5444770e+00   1.4994917e+00
   3.0400000e+00   1.5000000e+00   1.5444770e+00   1.4977126e+00
   3.0600000e+00   1.5000000e+00   1.5395894e+00   1.4959335e+00
   3.0800000e+00   1.5000000e+00   1.5347019e+00   1.4943500e+00
   3.1000000e+00   1.5000000e+00   1.5298143e+00   1.4929619e+00
   3.1200000e+00   1.5000000e+00   1.5200391e+00   1.4917693e+00
   3.1400000e+00   1.5000000e+00   1.5151515e+00   1.4909677e+00
   3.1600000e+00   1.5000000e+00   1.5102639e+00   1.4903617e+00
   3.1800000e+00   1.5000000e+00   1.5151515e+00   1.4899511e+00
   3.2000000e+00   1.5000000e+00   1.5053763e+00   1.4893451e+00
   3.2200000e+00   1.5000000e+00   1.5053763e+00   1.4891300e+00
   3.2400000e+00   1.5000000e+00   1.5004888e+00   1.4889150e+00
   3.2600000e+00   1.5000000e+00   1.5004888e+00   1.4888954e+00
   3.2800000e+00   1.5000000e+00   1.4956012e+00   1.4888759e+00
   3.3000000e+00   1.5000000e+00   1.4956012e+00   1.4890518e+00
   3.3200000e+00   1.5000000e+00   1.4858260e+00   1.4892278e+00
   3.3400000e+00   1.5000000e+00   1.4858260e+00   1.4897947e+00
   3.3600000e+00   1.5000000e+00   1.4858260e+00   1.4903617e+00
   3.3800000e+00   1.5000000e+00   1.4809384e+00   1.4909286e+00
   3.4000000e+00   1.5000000e+00   1.4760508e+00   1.4916911e+00
   3.4200000e+00   1.5000000e+00   1.4711632e+00   1.4926491e+00
   3.4400000e+00   1.5000000e+00   1.4711632e+00   1.4938025e+00
   3.4600000e+00   1.5000000e+00   1.4662757e+00   1.4949560e+00
   3.4800000e+00   1.5000000e+00   1.4613881e+00   1.4963050e+00
   3.5000000e+00   1.5000000e+00   1.4565005e+00   1.4978495e+00
   3.5200000e+00   1.5000000e+00   1.4613881e+00   1.4995894e+00
   3.5400000e+00   1.5000000e+00   1.4565005e+00   1.5011339e+00
   3.5600000e+00   1.5000000e+00   1.4516129e+00   1.5028739e+00
   3.5800000e+00   1.5000000e+00   1.4613881e+00   1.5048094e+00
   3.6000000e+00   1.5000000e+00   1.4613881e+00   1.5063539e+00
   3.6200000e+00   1.5000000e+00   1.4613881e+00   1.5078983e+00
   3.6400000e+00   1.5000000e+00   1.4613881e+00   1.5094428e+00
   3.6600000e+00   1.5000000e+00   1.4516129e+00   1.5109873e+00
   3.6800000e+00   1.5000000e+00   1.4565005e+00   1.5129228e+00
   3.7000000e+00   1.5000000e+00   1.4516129e+00   1.5146628e+00
   3.7200000e+00   1.5000000e+00   1.4565005e+00   1.5165982e+00
   3.7400000e+00   1.5000000e+00   1.4565005e+00   1.5183382e+00
   3.7600000e+00   1.5000000e+00   1.4516129e+00   1.5200782e+00
   3.7800000e+00   1.5000000e+00   1.4516129e+00   1.5220137e+00
   3.8000000e+00   1.5000000e+00   1.4565005e+00   1.5239492e+00
   3.8200000e+00   1.5000000e+00   1.4613881e+00   1.5256891e+00
   3.8400000e+00   1.5000000e+00   1.4613881e+00   1.5272336e+00
   3.8600000e+00   1.5000000e+00   1.4516129e+00   1.5287781e+00
   3.8800000e+00   1.5000000e+00   1.4516129e+00   1.5307136e+00
   3.9000000e+00   1.5000000e+00   1.4613881e+00   1.5326491e+00
   3.9200000e+00   1.5000000e+00   1.4613881e+00   1.5341935e+00
   3.9400000e+00   1.5000000e+00   1.4565005e+00   1.5357380e+00
   3.9600000e+00   1.5000000e+00   1.4467253e+00   1.5374780e+00
   3.9800000e+00   1.5000000e+00   1.4516129e+00   1.5396090e+00
   4.0000000e+00   1.5000000e+00   1.4565005e+00   1.5415445e+00
   4.0200000e+00   1.5000000e+00   1.4565005e+00   1.5432845e+00
   4.0400000e+00   1.5000000e+00   1.4565005e+00   1.5450244e+00
   4.0600000e+00   1.5000000e+00   1.4516129e+00   1.5467644e+00
   4.0800000e+00   1.5000000e+00   1.4662757e+00   1.5486999e+00
   4.1000000e+00   1.5000000e+00   1.4613881e+00   1.5500489e+00
   4.1200000e+00   1.5000000e+00   1.4565005e+00   1.5515934e+00
   4.1400000e+00   1.5000000e+00   1.4613881e+00   1.5533333e+00
   4.1600000e+00   1.5000000e+00   1.4565005e+00   1.5548778e+00
   4.1800000e+00   1.5000000e+00   1.4613881e+00   1.5566178e+00
   4.2000000e+00   1.5000000e+00   1.4662757e+00   1.5581623e+00
   4.2200000e+00   1.5000000e+00   1.4662757e+00   1.5595112e+00
   4.2400000e+00   1.5000000e+00   1.4613881e+00   1.5608602e+00
   4.2600000e+00   1.5000000e+00   1.4662757e+00   1.5624047e+00
   4.2800000e+00   1.5000000e+00   1.4613881e+00   1.5637537e+00
   4.3000000e+00   1.5000000e+00   1.4613881e+00   1.5652981e+00
   4.3200000e+00   1.5000000e+00   1.4662757e+00   1.5668426e+00
   4.3400000e+00   1.5000000e+00   1.4613881e+00   1.5681916e+00
   4.3600000e+00   1.5000000e+00   1.4613881e+00   1.5697361e+00
   4.3800000e+00   1.5000000e+00   1.4662757e+00   1.5712805e+00
   4.4000000e+00   1.5000000e+00   1.4613881e+00   1.5726295e+00
   4.4200000e+00   1.5000000e+00   1.4613881e+00   1.5741740e+00
   4.4400000e+00   1.5000000e+00   1.4662757e+00   1.5757185e+00
   4.4600000e+00   1.5000000e+00   1.4565005e+00   1.5770674e+00
   4.4800000e+00   1.5000000e+00   1.4613881e+00   1.5788074e+00
   4.5000000e+00   1.5000000e+00   1.4613881e+00   1.5803519e+00
   4.5200000e+00   1.5000000e+00   1.4516129e+00   1.5818964e+00
   4.5400000e+00   1.5000000e+00   1.4613881e+00   1.5838319e+00
   4.5600000e+00   1.5000000e+00   1.4662757e+00   1.5853763e+00
   4.5800000e+00   1.5000000e+00   1.4613881e+00   1.5867253e+00
   4.6000000e+00   1.5000000e+00   1.4613881e+00   1.5882698e+00
   4.6200000e+00   1.5000000e+00   1.4662757e+00   1.5898143e+00
   4.6400000e+00   1.5000000e+00   1.4613881e+00   1.5911632e+00
   4.6600000e+00   1.5000000e+00   1.4662757e+00   1.5927077e+00
   4.6800000e+00   1.5000000e+00   1.4613881e+00   1.5940567e+00
   4.7000000e+00   1.5000000e+00   1.4662757e+00   1.5956012e+00
   4.7200000e+00   1.5000000e+00   1.4613881e+00   1.5969501e+00
   4.7400000e+00   1.5000000e+00   1.4662757e+00   1.5984946e+00
   4.7600000e+00   1.5000000e+00   1.4613881e+00   1.5998436e+00
   4.7800000e+00   1.5000000e+00   1.4565005e+00   1.6013881e+00
   4.8000000e+00   1.5000000e+00   1.4613881e+00   1.6031281e+00
   4.8200000e+00   1.5000000e+00   1.4613881e+00   1.6046725e+00
   4.8400000e+00   1.5000000e+00   1.4662757e+00   1.6062170e+00
   4.8600000e+00   1.5000000e+00   1.4613881e+00   1.6075660e+00
   4.8800000e+00   1.5000000e+00   1.4613881e+00   1.6091105e+00
   4.9000000e+00   1.5000000e+00   1.4613881e+00   1.6106549e+00
   4.9200000e+00   1.5000000e+00   1.4516129e+00   1.6121994e+00
   4.9400000e+00   1.5000000e+00   1.4565005e+00   1.6141349e+00
   4.9600000e+00   1.5000000e+00   1.4565005e+00   1.6158749e+00
   4.9800000e+00   1.5000000e+00   1.4565005e+00   1.6176149e+00
   5.0000000e+00   1.0000000e+00   1.4613881e+00   1.6193548e+00
   5.0200000e+00   1.0000000e+00   1.4516129e+00   1.6008993e+00
   5.0400000e+00   1.0000000e+00   1.4662757e+00   1.5828348e+00
   5.0600000e+00   1.0000000e+00   1.4565005e+00   1.5641838e+00
   5.0800000e+00   1.0000000e+00   1.4565005e+00   1.5459238e+00
   5.1000000e+00   1.0000000e+00   1.4516129e+00   1.5276637e+00
   5.1200000e+00   1.0000000e+00   1.4613881e+00   1.5095992e+00
   5.1400000e+00   1.0000000e+00   1.4516129e+00   1.4911437e+00
   5.1600000e+00   1.0000000e+00   1.4467253e+00   1.4730792e+00
   5.1800000e+00   1.0000000e+00   1.4467253e+00   1.4552102e+00
   5.2000000e+00   1.0000000e+00   1.4467253e+00   1.4373412e+00
   5.2200000e+00   1.0000000e+00   1.4369501e+00   1.4194721e+00
   5.2400000e+00   1.0000000e+00   1.4320626e+00   1.4019941e+00
   5.2600000e+00   1.0000000e+00   1.4271750e+00   1.3847116e+00
   5.2800000e+00   1.0000000e+00   1.4320626e+00   1.3676246e+00
   5.3000000e+00   1.0000000e+00   1.4271750e+00   1.3503421e+00
   5.3200000e+00   1.0000000e+00   1.4173998e+00   1.3332551e+00
   5.3400000e+00   1.0000000e+00   1.4076246e+00   1.3165591e+00
   5.3600000e+00   1.0000000e+00   1.4076246e+00   1.3002542e+00
   5.3800000e+00   1.0000000e+00   1.4027370e+00   1.2839492e+00
   5.4000000e+00   1.0000000e+00   1.4027370e+00   1.2678397e+00
   5.4200000e+00   1.0000000e+00   1.3831867e+00   1.2517302e+00
   5.4400000e+00   1.0000000e+00   1.3685239e+00   1.2364027e+00
   5.4600000e+00   1.0000000e+00   1.3636364e+00   1.2216618e+00
   5.4800000e+00   1.0000000e+00   1.3440860e+00   1.2071163e+00
   5.5000000e+00   1.0000000e+00   1.3294233e+00   1.1933529e+00
   5.5200000e+00   1.0000000e+00   1.3391984e+00   1.1801760e+00
   5.5400000e+00   1.0000000e+00   1.3245357e+00   1.1666080e+00
   5.5600000e+00   1.0000000e+00   1.3147605e+00   1.1536266e+00
   5.5800000e+00   1.0000000e+00   1.3049853e+00   1.1410362e+00
   5.6000000e+00   1.0000000e+00   1.3000978e+00   1.1288368e+00
   5.6200000e+00   1.0000000e+00   1.2952102e+00   1.1168328e+00
   5.6400000e+00   1.0000000e+00   1.2854350e+00   1.1050244e+00
   5.6600000e+00   1.0000000e+00   1.2707722e+00   1.0936070e+00
   5.6800000e+00   1.0000000e+00   1.2609971e+00   1.0827761e+00
   5.7000000e+00   1.0000000e+00   1.2561095e+00   1.0723363e+00
   5.7200000e+00   1.0000000e+00   1.2512219e+00   1.0620919e+00
   5.7400000e+00   1.0000000e+00   1.2414467e+00   1.0520430e+00
   5.7600000e+00   1.0000000e+00   1.2316716e+00   1.0423851e+00
   5.7800000e+00   1.0000000e+00   1.2267840e+00   1.0331183e+00
   5.8000000e+00   1.0000000e+00   1.2170088e+00   1.0240469e+00
   5.8200000e+00   1.0000000e+00   1.2072336e+00   1.0153666e+00
   5.8400000e+00   1.0000000e+00   1.2023460e+00   1.0070772e+00
   5.8600000e+00   1.0000000e+00   1.1779081e+00   9.9898338e-01
   5.8800000e+00   1.0000000e+00   1.1681329e+00   9.9186706e-01
   5.9000000e+00   1.0000000e+00   1.1583578e+00   9.8514174e-01
   5.9200000e+00   1.0000000e+00   1.1534702e+00   9.7880743e-01
   5.9400000e+00   1.0000000e+00   1.1436950e+00   9.7266862e-01
   5.9600000e+00   1.0000000e+00   1.1290323e+00   9.6692082e-01
   5.9800000e+00   1.0000000e+00   1.1192571e+00   9.6175953e-01
   6.0000000e+00   1.0000000e+00   1.1094819e+00   9.5698925e-01
   6.0200000e+00   1.0000000e+00   1.1045943e+00   9.5260997e-01
   6.0400000e+00   1.0000000e+00   1.0997067e+00   9.4842620e-01
   6.0600000e+00   1.0000000e+00   1.0899316e+00   9.4443793e-01
   6.0800000e+00   1.0000000e+00   1.0899316e+00   9.4084066e-01
   6.1000000e+00   1.0000000e+00   1.0752688e+00   9.3724340e-01
   6.1200000e+00   1.0000000e+00   1.0654936e+00   9.3423265e-01
   6.1400000e+00   1.0000000e+00   1.0606061e+00   9.3161290e-01
   6.1600000e+00   1.0000000e+00   1.0508309e+00   9.2918866e-01
   6.1800000e+00   1.0000000e+00   1.0459433e+00   9.2715543e-01
   6.2000000e+00   1.0000000e+00   1.0263930e+00   9.2531769e-01
   6.2200000e+00   1.0000000e+00   1.0215054e+00   9.2426197e-01
   6.2400000e+00   1.0000000e+00   1.0215054e+00   9.2340176e-01
   6.2600000e+00   1.0000000e+00   1.0019550e+00   9.2254154e-01
   6.2800000e+00   1.0000000e+00   1.0068426e+00   9.2246334e-01
   6.3000000e+00   1.0000000e+00   9.9217986e-01   9.2218964e-01
   6.3200000e+00   1.0000000e+00   9.8240469e-01   9.2250244e-01
   6.3400000e+00   1.0000000e+00   9.7751711e-01   9.2320626e-01
   6.3600000e+00   1.0000000e+00   9.7751711e-01   9.2410557e-01
   6.3800000e+00   1.0000000e+00   9.6774194e-01   9.2500489e-01
   6.4000000e+00   1.0000000e+00   9.5307918e-01   9.2629521e-01
   6.4200000e+00   1.0000000e+00   9.5307918e-01   9.2817204e-01
   6.4400000e+00   1.0000000e+00   9.4330401e-01   9.3004888e-01
   6.4600000e+00   1.0000000e+00   9.3841642e-01   9.3231672e-01
   6.4800000e+00   1.0000000e+00   9.2864125e-01   9.3478006e-01
   6.5000000e+00   1.0000000e+00   9.3352884e-01   9.3763441e-01
   6.5200000e+00   1.0000000e+00   9.2864125e-01   9.4029326e-01
   6.5400000e+00   1.0000000e+00   9.1886608e-01   9.4314761e-01
   6.5600000e+00   1.0000000e+00   9.1886608e-01   9.4639296e-01
   6.5800000e+00   1.0000000e+00   9.1397849e-01   9.4963832e-01
   6.6000000e+00   1.0000000e+00   9.0909091e-01   9.5307918e-01
   6.6200000e+00   1.0000000e+00   9.1397849e-01   9.5671554e-01
   6.6400000e+00   1.0000000e+00   9.0909091e-01   9.6015640e-01
   6.6600000e+00   1.0000000e+00   9.0909091e-01   9.6379277e-01
   6.6800000e+00   1.0000000e+00   9.0420332e-01   9.6742913e-01
   6.7000000e+00   1.0000000e+00   9.0420332e-01   9.7126100e-01
   6.7200000e+00   1.0000000e+00   8.9931574e-01   9.7509286e-01
   6.7400000e+00   1.0000000e+00   9.0420332e-01   9.7912023e-01
   6.7600000e+00   1.0000000e+00   8.8465298e-01   9.8295210e-01
   6.7800000e+00   1.0000000e+00   8.9442815e-01   9.8756598e-01
   6.8000000e+00   1.0000000e+00   8.9442815e-01   9.9178886e-01
   6.8200000e+00   1.0000000e+00   8.8954057e-01   9.9601173e-01
   6.8400000e+00   1.0000000e+00   8.9442815e-01   1.0004301e+00
   6.8600000e+00   1.0000000e+00   8.9442815e-01   1.0046530e+00
   6.8800000e+00   1.0000000e+00   8.8954057e-01   1.0088759e+00
   6.9000000e+00   1.0000000e+00   8.8954057e-01   1.0132942e+00
   6.9200000e+00   1.0000000e+00   8.8954057e-01   1.0177126e+00
   6.9400000e+00   1.0000000e+00   8.7976540e-01   1.0221310e+00
   6.9600000e+00   1.0000000e+00   8.8465298e-01   1.0269404e+00
   6.9800000e+00   1.0000000e+00   8.8954057e-01   1.0315543e+00
   7.0000000e+00   1.0000000e+00   8.8954057e-01   1.0359726e+00
   7.0200000e+00   1.0000000e+00   8.8954057e-01   1.0403910e+00
   7.0400000e+00   1.0000000e+00   8.9931574e-01   1.0448094e+00
   7.0600000e+00   1.0000000e+00   9.0420332e-01   1.0488368e+00
   7.0800000e+00   1.0000000e+00   8.9931574e-01   1.0526686e+00
   7.1000000e+00   1.0000000e+00   8.9442815e-01   1.0566960e+00
   7.1200000e+00   1.0000000e+00   9.1397849e-01   1.0609189e+00
   7.1400000e+00   1.0000000e+00   9.0420332e-01   1.0643597e+00
   7.1600000e+00   1.0000000e+00   9.0420332e-01   1.0681916e+00
   7.1800000e+00   1.0000000e+00   9.0909091e-01   1.0720235e+00
   7.2000000e+00   1.0000000e+00   9.1397849e-01   1.0756598e+00
   7.2200000e+00   1.0000000e+00   9.0909091e-01   1.0791007e+00
   7.2400000e+00   1.0000000e+00   9.1886608e-01   1.0827370e+00
   7.2600000e+00   1.0000000e+00   9.1886608e-01   1.0859824e+00
   7.2800000e+00   1.0000000e+00   9.2375367e-01   1.0892278e+00
   7.3000000e+00   1.0000000e+00   9.2864125e-01   1.0922776e+00
   7.3200000e+00   1.0000000e+00   9.2375367e-01   1.0951320e+00
   7.3400000e+00   1.0000000e+00   9.3352884e-01   1.0981818e+00
   7.3600000e+00   1.0000000e+00   9.3352884e-01   1.1008407e+00
   7.3800000e+00   1.0000000e+00   9.2864125e-01   1.1034995e+00
   7.4000000e+00   1.0000000e+00   9.3841642e-01   1.1063539e+00
   7.4200000e+00   1.0000000e+00   9.4819159e-01   1.1088172e+00
   7.4400000e+00   1.0000000e+00   9.4819159e-01   1.1108895e+00
   7.4600000e+00   1.0000000e+00   9.4330401e-01   1.1129619e+00
   7.4800000e+00   1.0000000e+00   9.4819159e-01   1.1152297e+00
   7.5000000e+00   1.0000000e+00   9.4819159e-01   1.1173021e+00
   7.5200000e+00   1.0000000e+00   9.4819159e-01   1.1193744e+00
   7.5400000e+00   1.0000000e+00   9.5796676e-01   1.1214467e+00
   7.5600000e+00   1.0000000e+00   9.5307918e-01   1.1231281e+00
   7.5800000e+00   1.0000000e+00   9.5796676e-01   1.1250049e+00
   7.6000000e+00   1.0000000e+00   9.5796676e-01   1.1266862e+00
   7.6200000e+00   1.0000000e+00   9.7262952e-01   1.1283675e+00
   7.6400000e+00   1.0000000e+00   9.6774194e-01   1.1294624e+00
   7.6600000e+00   1.0000000e+00   9.6774194e-01   1.1307527e+00
   7.6800000e+00   1.0000000e+00   9.8240469e-01   1.1320430e+00
   7.7000000e+00   1.0000000e+00   9.8240469e-01   1.1327468e+00
   7.7200000e+00   1.0000000e+00   9.7751711e-01   1.1334506e+00
   7.7400000e+00   1.0000000e+00   9.8240469e-01   1.1343500e+00
   7.7600000e+00   1.0000000e+00   9.8729228e-01   1.1350538e+00
   7.7800000e+00   1.0000000e+00   9.9706745e-01   1.1355621e+00
   7.8000000e+00   1.0000000e+00   9.9217986e-01   1.1356794e+00
   7.8200000e+00   1.0000000e+00   9.9706745e-01   1.1359922e+00
   7.8400000e+00   1.0000000e+00   9.9706745e-01   1.1361095e+00
   7.8600000e+00   1.0000000e+00   1.0068426e+00   1.1362268e+00
   7.8800000e+00   1.0000000e+00   1.0019550e+00   1.1359531e+00
   7.9000000e+00   1.0000000e+00   1.0019550e+00   1.1358749e+00
   7.9200000e+00   1.0000000e+00   1.0068426e+00   1.1357967e+00
   7.9400000e+00   1.0000000e+00   1.0068426e+00   1.1355230e+00
   7.9600000e+00   1.0000000e+00   1.0068426e+00   1.1352493e+00
   7.9800000e+00   1.0000000e+00   1.0166178e+00   1.1349756e+00
   8.0000000e+00   1.0000000e+00   1.0117302e+00   1.1343109e+00
   8.0200000e+00   1.0000000e+00   1.0215054e+00   1.1338416e+00
   8.0400000e+00   1.0000000e+00   1.0215054e+00   1.1329814e+00
   8.0600000e+00   1.0000000e+00   1.0215054e+00   1.1321212e+00
   8.0800000e+00   1.0000000e+00   1.0215054e+00   1.1312610e+00
   8.1000000e+00   1.0000000e+00   1.0312805e+00   1.1304008e+00
   8.1200000e+00   1.0000000e+00   1.0361681e+00   1.1291496e+00
   8.1400000e+00   1.0000000e+00   1.0263930e+00   1.1277028e+00
   8.1600000e+00   1.0000000e+00   1.0263930e+00   1.1266471e+00
   8.1800000e+00   1.0000000e+00   1.0312805e+00   1.1255914e+00
   8.2000000e+00   1.0000000e+00   1.0361681e+00   1.1243402e+00
   8.2200000e+00   1.0000000e+00   1.0361681e+00   1.1228935e+00
   8.2400000e+00   1.0000000e+00   1.0312805e+00   1.1214467e+00
   8.2600000e+00   1.0000000e+00   1.0361681e+00   1.1201955e+00
   8.2800000e+00   1.0000000e+00   1.0410557e+00   1.1187488e+00
   8.3000000e+00   1.0000000e+00   1.0361681e+00   1.1171065e+00
   8.3200000e+00   1.0000000e+00   1.0361681e+00   1.1156598e+00
   8.3400000e+00   1.0000000e+00   1.0361681e+00   1.1142131e+00
   8.3600000e+00   1.0000000e+00   1.0361681e+00   1.1127664e+00
   8.3800000e+00   1.0000000e+00   1.0361681e+00   1.1113196e+00
   8.4000000e+00   1.0000000e+00   1.0410557e+00   1.1098729e+00
   8.4200000e+00   1.0000000e+00   1.0312805e+00   1.1082307e+00
   8.4400000e+00   1.0000000e+00   1.0361681e+00   1.1069795e+00
   8.4600000e+00   1.0000000e+00   1.0361681e+00   1.1055327e+00
   8.4800000e+00   1.0000000e+00   1.0312805e+00   1.1040860e+00
   8.5000000e+00   1.0000000e+00   1.0263930e+00   1.1028348e+00
   8.5200000e+00   1.0000000e+00   1.0361681e+00   1.1017791e+00
   8.5400000e+00   1.0000000e+00   1.0312805e+00   1.1003324e+00
   8.5600000e+00   1.0000000e+00   1.0312805e+00   1.0990811e+00
   8.5800000e+00   1.0000000e+00   1.0263930e+00   1.0978299e+00
   8.6000000e+00   1.0000000e+00   1.0312805e+00   1.0967742e+00
   8.6200000e+00   1.0000000e+00   1.0215054e+00   1.0955230e+00
   8.6400000e+00   1.0000000e+00   1.0215054e+00   1.0946628e+00
   8.6600000e+00   1.0000000e+00   1.0215054e+00   1.0938025e+00
   8.6800000e+00   1.0000000e+00   1.0263930e+00   1.0929423e+00
   8.7000000e+00   1.0000000e+00   1.0312805e+00   1.0918866e+00
   8.7200000e+00   1.0000000e+00   1.0263930e+00   1.0906354e+00
   8.7400000e+00   1.0000000e+00   1.0312805e+00   1.0895797e+00
   8.7600000e+00   1.0000000e+00   1.0263930e+00   1.0883284e+00
   8.7800000e+00   1.0000000e+00   1.0263930e+00   1.0872727e+00
   8.8000000e+00   1.0000000e+00   1.0166178e+00   1.0862170e+00
   8.8200000e+00   1.0000000e+00   1.0215054e+00   1.0855523e+00
   8.8400000e+00   1.0000000e+00   1.0166178e+00   1.0846921e+00
   8.8600000e+00   1.0000000e+00   1.0166178e+00   1.0840274e+00
   8.8800000e+00   1.0000000e+00   1.0117302e+00   1.0833627e+00
   8.9000000e+00   1.0000000e+00   1.0215054e+00   1.0828935e+00
   8.9200000e+00   1.0000000e+00   1.0117302e+00   1.0820332e+00
   8.9400000e+00   1.0000000e+00   1.0215054e+00   1.0815640e+00
   8.9600000e+00   1.0000000e+00   1.0117302e+00   1.0807038e+00
   8.9800000e+00   1.0000000e+00   1.0215054e+00   1.0802346e+00
   9.0000000e+00   1.0000000e+00   1.0068426e+00   1.0793744e+00
   9.0200000e+00   1.0000000e+00   1.0019550e+00   1.0791007e+00
   9.0400000e+00   1.0000000e+00   1.0068426e+00   1.0790225e+00
   9.0600000e+00   1.0000000e+00   1.0117302e+00   1.0787488e+00
   9.0800000e+00   1.0000000e+00   1.0068426e+00   1.0782796e+00
   9.1000000e+00   1.0000000e+00   1.0117302e+00   1.0780059e+00
   9.1200000e+00   1.0000000e+00   1.0068426e+00   1.0775367e+00
   9.1400000e+00   1.0000000e+00   1.0166178e+00   1.0772630e+00
   9.1600000e+00   1.0000000e+00   1.0019550e+00   1.0765982e+00
   9.1800000e+00   1.0000000e+00   1.0068426e+00   1.0765200e+00
   9.2000000e+00   1.0000000e+00   1.0117302e+00   1.0762463e+00
   9.2200000e+00   1.0000000e+00   1.0068426e+00   1.0757771e+00
   9.2400000e+00   1.0000000e+00   1.0019550e+00   1.0755034e+00
   9.2600000e+00   1.0000000e+00   1.0068426e+00   1.0754252e+00
   9.2800000e+00   1.0000000e+00   1.0068426e+00   1.0751515e+00
   9.3000000e+00   1.0000000e+00   1.0068426e+00   1.0748778e+00
   9.3200000e+00   1.0000000e+00   1.0068426e+00   1.0746041e+00
   9.3400000e+00   1.0000000e+00   9.9706745e-01   1.0743304e+00
   9.3600000e+00   1.0000000e+00   1.0068426e+00   1.0744477e+00
   9.3800000e+00   1.0000000e+00   1.0068426e+00   1.0741740e+00
   9.4000000e+00   1.0000000e+00   1.0019550e+00   1.0739003e+00
   9.4200000e+00   1.0000000e+00   9.9217986e-01   1.0738221e+00
   9.4400000e+00   1.0000000e+00   1.0068426e+00   1.0741349e+00
   9.4600000e+00   1.0000000e+00   1.0019550e+00   1.0738612e+00
   9.4800000e+00   1.0000000e+00   1.0019550e+00   1.0737830e+00
   9.5000000e+00   1.0000000e+00   9.9706745e-01   1.0737048e+00
   9.5200000e+00   1.0000000e+00   9.8729228e-01   1.0738221e+00
   9.5400000e+00   1.0000000e+00   9.9217986e-01   1.0743304e+00
   9.5600000e+00   1.0000000e+00   9.9706745e-01   1.0746432e+00
   9.5800000e+00   1.0000000e+00   9.9217986e-01   1.0747605e+00
   9.6000000e+00   1.0000000e+00   9.9217986e-01   1.0750733e+00
   9.6200000e+00   1.0000000e+00   9.9706745e-01   1.0753861e+00
   9.6400000e+00   1.0000000e+00   9.9706745e-01   1.0755034e+00
   9.6600000e+00   1.0000000e+00   1.0019550e+00   1.0756207e+00
   9.6800000e+00   1.0000000e+00   9.9217986e-01   1.0755425e+00
   9.7000000e+00   1.0000000e+00   9.9217986e-01   1.0758553e+00
   9.7200000e+00   1.0000000e+00   9.9706745e-01   1.0761681e+00
   9.7400000e+00   1.0000000e+00   9.8729228e-01   1.0762854e+00
   9.7600000e+00   1.0000000e+00   9.8240469e-01   1.0767937e+00
   9.7800000e+00   1.0000000e+00   9.8729228e-01   1.0774976e+00
   9.8000000e+00   1.0000000e+00   9.9217986e-01   1.0780059e+00
   9.8200000e+00   1.0000000e+00   9.8729228e-01   1.0783187e+00
   9.8400000e+00   1.0000000e+00   9.9706745e-01   1.0788270e+00
   9.8600000e+00   1.0000000e+00   9.8729228e-01   1.0789443e+00
   9.8800000e+00   1.0000000e+00   9.9706745e-01   1.0794526e+00
   9.9000000e+00   1.0000000e+00   9.8729228e-01   1.0795699e+00
   9.9200000e+00   1.0000000e+00   9.8729228e-01   1.0800782e+00
   9.9400000e+00   1.0000000e+00   9.9217986e-01   1.0805865e+00
   9.9600000e+00   1.0000000e+00   9.9706745e-01   1.0808993e+00
   9.9800000e+00   1.0000000e+00   9.8729228e-01   1.0810166e+00
   1.0000000e+01   1.5000000e+00   9.9217986e-01   1.0815249e+00
   1.0020000e+01   1.5000000e+00   9.9217986e-01   1.1018377e+00
   1.0040000e+01   1.5000000e+00   9.8729228e-01   1.1221505e+00
   1.0060000e+01   1.5000000e+00   9.9217986e-01   1.1426588e+00
   1.0080000e+01   1.5000000e+00   9.9217986e-01   1.1629717e+00
   1.0100000e+01   1.5000000e+00   9.9706745e-01   1.1832845e+00
   1.0120000e+01   1.5000000e+00   9.9706745e-01   1.2034018e+00
   1.0140000e+01   1.5000000e+00   9.9706745e-01   1.2235191e+00
   1.0160000e+01   1.5000000e+00   1.0068426e+00   1.2436364e+00
   1.0180000e+01   1.5000000e+00   1.0117302e+00   1.2633627e+00
   1.0200000e+01   1.5000000e+00   1.0166178e+00   1.2828935e+00
   1.0220000e+01   1.5000000e+00   1.0215054e+00   1.3022287e+00
   1.0240000e+01   1.5000000e+00   1.0263930e+00   1.3213685e+00
   1.0260000e+01   1.5000000e+00   1.0312805e+00   1.3403128e+00
   1.0280000e+01   1.5000000e+00   1.0410557e+00   1.3590616e+00
   1.0300000e+01   1.5000000e+00   1.0459433e+00   1.3774194e+00
   1.0320000e+01   1.5000000e+00   1.0654936e+00   1.3955816e+00
   1.0340000e+01   1.5000000e+00   1.0654936e+00   1.4129619e+00
   1.0360000e+01   1.5000000e+00   1.0801564e+00   1.4303421e+00
   1.0380000e+01   1.5000000e+00   1.0801564e+00   1.4471359e+00
   1.0400000e+01   1.5000000e+00   1.0948192e+00   1.4639296e+00
   1.0420000e+01   1.5000000e+00   1.1143695e+00   1.4801369e+00
   1.0440000e+01   1.5000000e+00   1.1290323e+00   1.4955621e+00
   1.0460000e+01   1.5000000e+00   1.1339198e+00   1.5104008e+00
   1.0480000e+01   1.5000000e+00   1.1485826e+00   1.5250440e+00
   1.0500000e+01   1.5000000e+00   1.1632454e+00   1.5391007e+00
   1.0520000e+01   1.5000000e+00   1.1730205e+00   1.5525709e+00
   1.0540000e+01   1.5000000e+00   1.1925709e+00   1.5656500e+00
   1.0560000e+01   1.5000000e+00   1.1974585e+00   1.5779472e+00
   1.0580000e+01   1.5000000e+00   1.2072336e+00   1.5900489e+00
   1.0600000e+01   1.5000000e+00   1.2267840e+00   1.6017595e+00
   1.0620000e+01   1.5000000e+00   1.2414467e+00   1.6126882e+00
   1.0640000e+01   1.5000000e+00   1.2463343e+00   1.6230303e+00
   1.0660000e+01   1.5000000e+00   1.2561095e+00   1.6331769e+00
   1.0680000e+01   1.5000000e+00   1.2756598e+00   1.6429326e+00
   1.0700000e+01   1.5000000e+00   1.2854350e+00   1.6519062e+00
   1.0720000e+01   1.5000000e+00   1.2903226e+00   1.6604888e+00
   1.0740000e+01   1.5000000e+00   1.3000978e+00   1.6688759e+00
   1.0760000e+01   1.5000000e+00   1.3049853e+00   1.6768719e+00
   1.0780000e+01   1.5000000e+00   1.3147605e+00   1.6846725e+00
   1.0800000e+01   1.5000000e+00   1.3294233e+00   1.6920821e+00
   1.0820000e+01   1.5000000e+00   1.3440860e+00   1.6989052e+00
   1.0840000e+01   1.5000000e+00   1.3440860e+00   1.7051417e+00
   1.0860000e+01   1.5000000e+00   1.3587488e+00   1.7113783e+00
   1.0880000e+01   1.5000000e+00   1.3782991e+00   1.7170283e+00
   1.0900000e+01   1.5000000e+00   1.3929619e+00   1.7218964e+00
   1.0920000e+01   1.5000000e+00   1.3978495e+00   1.7261779e+00
   1.0940000e+01   1.5000000e+00   1.4125122e+00   1.7302639e+00
   1.0960000e+01   1.5000000e+00   1.4173998e+00   1.7337634e+00
   1.0980000e+01   1.5000000e+00   1.4271750e+00   1.7370674e+00
   1.1000000e+01   1.5000000e+00   1.4467253e+00   1.7399804e+00
   1.1020000e+01   1.5000000e+00   1.4565005e+00   1.7421114e+00
   1.1040000e+01   1.5000000e+00   1.4565005e+00   1.7438514e+00
   1.1060000e+01   1.5000000e+00   1.4662757e+00   1.7455914e+00
   1.1080000e+01   1.5000000e+00   1.4711632e+00   1.7469404e+00
   1.1100000e+01   1.5000000e+00   1.4711632e+00   1.7480938e+00
   1.1120000e+01   1.5000000e+00   1.4760508e+00   1.7492473e+00
   1.1140000e+01   1.5000000e+00   1.4809384e+00   1.7502053e+00
   1.1160000e+01   1.5000000e+00   1.4809384e+00   1.7509677e+00
   1.1180000e+01   1.5000000e+00   1.4858260e+00   1.7517302e+00
   1.1200000e+01   1.5000000e+00   1.4858260e+00   1.7522972e+00
   1.1220000e+01   1.5000000e+00   1.4858260e+00   1.7528641e+00
   1.1240000e+01   1.5000000e+00   1.4907136e+00   1.7534311e+00
   1.1260000e+01   1.5000000e+00   1.5004888e+00   1.7538025e+00
   1.1280000e+01   1.5000000e+00   1.5004888e+00   1.7537830e+00
   1.1300000e+01   1.5000000e+00   1.5004888e+00   1.7537634e+00
   1.1320000e+01   1.5000000e+00   1.4956012e+00   1.7537439e+00
   1.1340000e+01   1.5000000e+00   1.5004888e+00   1.7539198e+00
   1.1360000e+01   1.5000000e+00   1.5102639e+00   1.7539003e+00
   1.1380000e+01   1.5000000e+00   1.5102639e+00   1.7534897e+00
   1.1400000e+01   1.5000000e+00   1.5151515e+00   1.7530792e+00
   1.1420000e+01   1.5000000e+00   1.5151515e+00   1.7524731e+00
   1.1440000e+01   1.5000000e+00   1.5151515e+00   1.7518671e+00
   1.1460000e+01   1.5000000e+00   1.5249267e+00   1.7512610e+00
   1.1480000e+01   1.5000000e+00   1.5298143e+00   1.7502639e+00
   1.1500000e+01   1.5000000e+00   1.5395894e+00   1.7490714e+00
   1.1520000e+01   1.5000000e+00   1.5395894e+00   1.7474878e+00
   1.1540000e+01   1.5000000e+00   1.5444770e+00   1.7459042e+00
   1.1560000e+01   1.5000000e+00   1.5444770e+00   1.7441251e+00
   1.1580000e+01   1.5000000e+00   1.5444770e+00   1.7423460e+00
   1.1600000e+01   1.5000000e+00   1.5493646e+00   1.7405670e+00
   1.1620000e+01   1.5000000e+00   1.5640274e+00   1.7385924e+00
   1.1640000e+01   1.5000000e+00   1.5591398e+00   1.7360313e+00
   1.1660000e+01   1.5000000e+00   1.5591398e+00   1.7336657e+00
   1.1680000e+01   1.5000000e+00   1.5640274e+00   1.7313001e+00
   1.1700000e+01   1.5000000e+00   1.5640274e+00   1.7287390e+00
   1.1720000e+01   1.5000000e+00   1.5640274e+00   1.7261779e+00
   1.1740000e+01   1.5000000e+00   1.5640274e+00   1.7236168e+00
   1.1760000e+01   1.5000000e+00   1.5689150e+00   1.7210557e+00
   1.1780000e+01   1.5000000e+00   1.5738025e+00   1.7182991e+00
   1.1800000e+01   1.5000000e+00   1.5738025e+00   1.7153470e+00
   1.1820000e+01   1.5000000e+00   1.5738025e+00   1.7123949e+00
   1.1840000e+01   1.5000000e+00   1.5786901e+00   1.7094428e+00
   1.1860000e+01   1.5000000e+00   1.5738025e+00   1.7062952e+00
   1.1880000e+01   1.5000000e+00   1.5786901e+00   1.7033431e+00
   1.1900000e+01   1.5000000e+00   1.5738025e+00   1.7001955e+00
   1.1920000e+01   1.5000000e+00   1.5738025e+00   1.6972434e+00
   1.1940000e+01   1.5000000e+00   1.5786901e+00   1.6942913e+00
   1.1960000e+01   1.5000000e+00   1.5835777e+00   1.6911437e+00
   1.1980000e+01   1.5000000e+00   1.5786901e+00   1.6878006e+00
   1.2000000e+01   1.5000000e+00   1.5738025e+00   1.6846530e+00
   1.2020000e+01   1.5000000e+00   1.5786901e+00   1.6817009e+00
   1.2040000e+01   1.5000000e+00   1.5786901e+00   1.6785533e+00
   1.2060000e+01   1.5000000e+00   1.5786901e+00   1.6754057e+00
   1.2080000e+01   1.5000000e+00   1.5835777e+00   1.6722581e+00
   1.2100000e+01   1.5000000e+00   1.5738025e+00   1.6689150e+00
   1.2120000e+01   1.5000000e+00   1.5835777e+00   1.6659629e+00
   1.2140000e+01   1.5000000e+00   1.5786901e+00   1.6626197e+00
   1.2160000e+01   1.5000000e+00   1.5738025e+00   1.6594721e+00
   1.2180000e+01   1.5000000e+00   1.5689150e+00   1.6565200e+00
   1.2200000e+01   1.5000000e+00   1.5689150e+00   1.6537634e+00
   1.2220000e+01   1.5000000e+00   1.5640274e+00   1.6510068e+00
   1.2240000e+01   1.5000000e+00   1.5591398e+00   1.6484457e+00
   1.2260000e+01   1.5000000e+00   1.5640274e+00   1.6460802e+00
   1.2280000e+01   1.5000000e+00   1.5591398e+00   1.6435191e+00
   1.2300000e+01   1.5000000e+00   1.5493646e+00   1.6411535e+00
   1.2320000e+01   1.5000000e+00   1.5493646e+00   1.6391789e+00
   1.2340000e+01   1.5000000e+00   1.5493646e+00   1.6372043e+00
   1.2360000e+01   1.5000000e+00   1.5542522e+00   1.6352297e+00
   1.2380000e+01   1.5000000e+00   1.5444770e+00   1.6330596e+00
   1.2400000e+01   1.5000000e+00   1.5444770e+00   1.6312805e+00
   1.2420000e+01   1.5000000e+00   1.5347019e+00   1.6295015e+00
   1.2440000e+01   1.5000000e+00   1.5444770e+00   1.6281134e+00
   1.2460000e+01   1.5000000e+00   1.5347019e+00   1.6263343e+00
   1.2480000e+01   1.5000000e+00   1.5347019e+00   1.6249462e+00
   1.2500000e+01   1.5000000e+00   1.5249267e+00   1.6235582e+00
   1.2520000e+01   1.5000000e+00   1.5200391e+00   1.6225611e+00
   1.2540000e+01   1.5000000e+00   1.5200391e+00   1.6217595e+00
   1.2560000e+01   1.5000000e+00   1.5151515e+00   1.6209580e+00
   1.2580000e+01   1.5000000e+00   1.5151515e+00   1.6203519e+00
   1.2600000e+01   1.5000000e+00   1.5200391e+00   1.6197458e+00
   1.2620000e+01   1.5000000e+00   1.5053763e+00   1.6189443e+00
   1.2640000e+01   1.5000000e+00   1.5102639e+00   1.6187292e+00
   1.2660000e+01   1.5000000e+00   1.5102639e+00   1.6183187e+00
   1.2680000e+01   1.5000000e+00   1.5053763e+00   1.6179081e+00
   1.2700000e+01   1.5000000e+00   1.5102639e+00   1.6176931e+00
   1.2720000e+01   1.5000000e+00   1.5053763e+00   1.6172825e+00
   1.2740000e+01   1.5000000e+00   1.5004888e+00   1.6170674e+00
   1.2760000e+01   1.5000000e+00   1.4956012e+00   1.6170479e+00
   1.2780000e+01   1.5000000e+00   1.5004888e+00   1.6172239e+00
   1.2800000e+01   1.5000000e+00   1.4907136e+00   1.6172043e+00
   1.2820000e+01   1.5000000e+00   1.5004888e+00   1.6175758e+00
   1.2840000e+01   1.5000000e+00   1.4907136e+00   1.6175562e+00
   1.2860000e+01   1.5000000e+00   1.4956012e+00   1.6179277e+00
   1.2880000e+01   1.5000000e+00   1.4907136e+00   1.6181036e+00
   1.2900000e+01   1.5000000e+00   1.4956012e+00   1.6184751e+00
   1.2920000e+01   1.5000000e+00   1.4956012e+00   1.6186510e+00
   1.2940000e+01   1.5000000e+00   1.4956012e+00   1.6188270e+00
   1.2960000e+01   1.5000000e+00   1.4907136e+00   1.6190029e+00
   1.2980000e+01   1.5000000e+00   1.4858260e+00   1.6193744e+00
   1.3000000e+01   1.5000000e+00   1.4907136e+00   1.6199413e+00
   1.3020000e+01   1.5000000e+00   1.4907136e+00   1.6203128e+00
   1.3040000e+01   1.5000000e+00   1.4907136e+00   1.6206843e+00
   1.3060000e+01   1.5000000e+00   1.4907136e+00   1.6210557e+00
   1.3080000e+01   1.5000000e+00   1.4809384e+00   1.6214272e+00
   1.3100000e+01   1.5000000e+00   1.4858260e+00   1.6221896e+00
   1.3120000e+01   1.5000000e+00   1.4907136e+00   1.6227566e+00
   1.3140000e+01   1.5000000e+00   1.4809384e+00   1.6231281e+00
   1.3160000e+01   1.5000000e+00   1.4809384e+00   1.6238905e+00
   1.3180000e+01   1.5000000e+00   1.4809384e+00   1.6246530e+00
   1.3200000e+01   1.5000000e+00   1.4809384e+00   1.6254154e+00
   1.3220000e+01   1.5000000e+00   1.4711632e+00   1.6261779e+00
   1.3240000e+01   1.5000000e+00   1.4711632e+00   1.6273314e+00
   1.3260000e+01   1.5000000e+00   1.4711632e+00   1.6284848e+00
   1.3280000e+01   1.5000000e+00   1.4760508e+00   1.6296383e+00
   1.3300000e+01   1.5000000e+00   1.4809384e+00   1.6305963e+00
   1.3320000e+01   1.5000000e+00   1.4760508e+00   1.6313587e+00
   1.3340000e+01   1.5000000e+00   1.4809384e+00   1.6323167e+00
   1.3360000e+01   1.5000000e+00   1.4760508e+00   1.6330792e+00
   1.3380000e+01   1.5000000e+00   1.4858260e+00   1.6340371e+00
   1.3400000e+01   1.5000000e+00   1.4809384e+00   1.6346041e+00
   1.3420000e+01   1.5000000e+00   1.4858260e+00   1.6353666e+00
   1.3440000e+01   1.5000000e+00   1.4711632e+00   1.6359335e+00
   1.3460000e+01   1.5000000e+00   1.4760508e+00   1.6370870e+00
   1.3480000e+01   1.5000000e+00   1.4760508e+00   1.6380450e+00
   1.3500000e+01   1.5000000e+00   1.4760508e+00   1.6390029e+00
   1.3520000e+01   1.5000000e+00   1.4760508e+00   1.6399609e+00
   1.3540000e+01   1.5000000e+00   1.4760508e+00   1.6409189e+00
   1.3560000e+01   1.5000000e+00   1.4809384e+00   1.6418768e+00
   1.3580000e+01   1.5000000e+00   1.4760508e+00   1.6426393e+00
   1.3600000e+01   1.5000000e+00   1.4858260e+00   1.6435973e+00
   1.3620000e+01   1.5000000e+00   1.4809384e+00   1.6441642e+00
   1.3640000e+01   1.5000000e+00   1.4809384e+00   1.6449267e+00
   1.3660000e+01   1.5000000e+00   1.4711632e+00   1.6456891e+00
   1.3680000e+01   1.5000000e+00   1.4907136e+00   1.6468426e+00
   1.3700000e+01   1.5000000e+00   1.4809384e+00   1.6472141e+00
   1.3720000e+01   1.5000000e+00   1.4809384e+00   1.6479765e+00
   1.3740000e+01   1.5000000e+00   1.4858260e+00   1.6487390e+00
   1.3760000e+01   1.5000000e+00   1.4809384e+00   1.6493060e+00
   1.3780000e+01   1.5000000e+00   1.4907136e+00   1.6500684e+00
   1.3800000e+01   1.5000000e+00   1.4809384e+00   1.6504399e+00
   1.3820000e+01   1.5000000e+00   1.4809384e+00   1.6512023e+00
   1.3840000e+01   1.5000000e+00   1.4809384e+00   1.6519648e+00
   1.3860000e+01   1.5000000e+00   1.4809384e+00   1.6527273e+00
   1.3880000e+01   1.5000000e+00   1.4809384e+00   1.6534897e+00
   1.3900000e+01   1.5000000e+00   1.4809384e+00   1.6542522e+00
   1.3920000e+01   1.5000000e+00   1.4809384e+00   1.6550147e+00
   1.3940000e+01   1.5000000e+00   1.4858260e+00   1.6557771e+00
   1.3960000e+01   1.5000000e+00   1.4809384e+00   1.6563441e+00
   1.3980000e+01   1.5000000e+00   1.4809384e+00   1.6571065e+00
   1.4000000e+01   1.5000000e+00   1.4760508e+00   1.6578690e+00
   1.4020000e+01   1.5000000e+00   1.4858260e+00   1.6588270e+00
   1.4040000e+01   1.5000000e+00   1.4858260e+00   1.6593939e+00
   1.4060000e+01   1.5000000e+00   1.4858260e+00   1.6599609e+00
   1.4080000e+01   1.5000000e+00   1.4907136e+00   1.6605279e+00
   1.4100000e+01   1.5000000e+00   1.4809384e+00   1.6608993e+00
   1.4120000e+01   1.5000000e+00   1.4858260e+00   1.6616618e+00
   1.4140000e+01   1.5000000e+00   1.4858260e+00   1.6622287e+00
   1.4160000e+01   1.5000000e+00   1.4907136e+00   1.6627957e+00
   1.4180000e+01   1.5000000e+00   1.4858260e+00   1.6631672e+00
   1.4200000e+01   1.5000000e+00   1.4907136e+00   1.6637341e+00
   1.4220000e+01   1.5000000e+00   1.4907136e+00   1.6641056e+00
   1.4240000e+01   1.5000000e+00   1.4907136e+00   1.6644770e+00
   1.4260000e+01   1.5000000e+00   1.4907136e+00   1.6648485e+00
   1.4280000e+01   1.5000000e+00   1.4809384e+00   1.6652199e+00
   1.4300000e+01   1.5000000e+00   1.4858260e+00   1.6659824e+00
   1.4320000e+01   1.5000000e+00   1.4809384e+00   1.6665494e+00
   1.4340000e+01   1.5000000e+00   1.4956012e+00   1.6673118e+00
   1.4360000e+01   1.5000000e+00   1.4956012e+00   1.6674878e+00
   1.4380000e+01   1.5000000e+00   1.4907136e+00   1.6676637e+00
   1.4400000e+01   1.5000000e+00   1.4956012e+00   1.6680352e+00
   1.4420000e+01   1.5000000e+00   1.4956012e+00   1.6682111e+00
   1.4440000e+01   1.5000000e+00   1.5004888e+00   1.6683871e+00
   1.4460000e+01   1.5000000e+00   1.5004888e+00   1.6683675e+00
   1.4480000e+01   1.5000000e+00   1.4956012e+00   1.6683480e+00
   1.4500000e+01   1.5000000e+00   1.5004888e+00   1.6685239e+00
   1.4520000e+01   1.5000000e+00   1.4956012e+00   1.6685044e+00
   1.4540000e+01   1.5000000e+00   1.5053763e+00   1.6686804e+00
   1.4560000e+01   1.5000000e+00   1.5102639e+00   1.6684653e+00
   1.4580000e+01   1.5000000e+00   1.5053763e+00   1.6680547e+00
   1.4600000e+01   1.5000000e+00   1.5053763e+00   1.6678397e+00
   1.4620000e+01   1.5000000e+00   1.5102639e+00   1.6676246e+00
   1.4640000e+01   1.5000000e+00   1.5151515e+00   1.6672141e+00
   1.4660000e+01   1.5000000e+00   1.5200391e+00   1.6666080e+00
   1.4680000e+01   1.5000000e+00   1.5200391e+00   1.6658065e+00
   1.4700000e+01   1.5000000e+00   1.5151515e+00   1.6650049e+00
   1.4720000e+01   1.5000000e+00   1.5200391e+00   1.6643988e+00
   1.4740000e+01   1.5000000e+00   1.5200391e+00   1.6635973e+00
   1.4760000e+01   1.5000000e+00   1.5249267e+00   1.6627957e+00
   1.4780000e+01   1.5000000e+00   1.5200391e+00   1.6617986e+00
   1.4800000e+01   1.5000000e+00   1.5200391e+00   1.6609971e+00
   1.4820000e+01   1.5000000e+00   1.5151515e+00   1.6601955e+00
   1.4840000e+01   1.5000000e+00   1.5151515e+00   1.6595894e+00
   1.4860000e+01   1.5000000e+00   1.5151515e+00   1.6589834e+00
   1.4880000e+01   1.5000000e+00   1.5151515e+00   1.6583773e+00
   1.4900000e+01   1.5000000e+00   1.5102639e+00   1.6577713e+00
   1.4920000e+01   1.5000000e+00   1.5200391e+00   1.6573607e+00
   1.4940000e+01   1.5000000e+00   1.5200391e+00   1.6565591e+00
   1.4960000e+01   1.5000000e+00   1.5200391e+00   1.6557576e+00
   1.4980000e+01   1.5000000e+00   1.5249267e+00   1.6549560e+00
   1.5000000e+01   1.0000000e+00   1.5249267e+00   1.6539589e+00
   1.5020000e+01   1.0000000e+00   1.5200391e+00   1.6329619e+00
   1.5040000e+01   1.0000000e+00   1.5200391e+00   1.6121603e+00
   1.5060000e+01   1.0000000e+00   1.5200391e+00   1.5913587e+00
   1.5080000e+01   1.0000000e+00   1.5151515e+00   1.5705572e+00
   1.5100000e+01   1.0000000e+00   1.5151515e+00   1.5499511e+00
   1.5120000e+01   1.0000000e+00   1.5102639e+00   1.5293451e+00
   1.5140000e+01   1.0000000e+00   1.5053763e+00   1.5089345e+00
   1.5160000e+01   1.0000000e+00   1.5004888e+00   1.4887195e+00
   1.5180000e+01   1.0000000e+00   1.5004888e+00   1.4686999e+00
   1.5200000e+01   1.0000000e+00   1.4956012e+00   1.4486804e+00
   1.5220000e+01   1.0000000e+00   1.4907136e+00   1.4288563e+00
   1.5240000e+01   1.0000000e+00   1.4907136e+00   1.4092278e+00
   1.5260000e+01   1.0000000e+00   1.4858260e+00   1.3895992e+00
   1.5280000e+01   1.0000000e+00   1.4760508e+00   1.3701662e+00
   1.5300000e+01   1.0000000e+00   1.4662757e+00   1.3511241e+00
   1.5320000e+01   1.0000000e+00   1.4613881e+00   1.3324731e+00
   1.5340000e+01   1.0000000e+00   1.4467253e+00   1.3140176e+00
   1.5360000e+01   1.0000000e+00   1.4418377e+00   1.2961486e+00
   1.5380000e+01   1.0000000e+00   1.4320626e+00   1.2784751e+00
   1.5400000e+01   1.0000000e+00   1.4222874e+00   1.2611926e+00
   1.5420000e+01   1.0000000e+00   1.4173998e+00   1.2443011e+00
   1.5440000e+01   1.0000000e+00   1.4076246e+00   1.2276051e+00
   1.5460000e+01   1.0000000e+00   1.3978495e+00   1.2113001e+00
   1.5480000e+01   1.0000000e+00   1.3782991e+00   1.1953861e+00
   1.5500000e+01   1.0000000e+00   1.3685239e+00   1.1802542e+00
   1.5520000e+01   1.0000000e+00   1.3538612e+00   1.1655132e+00
   1.5540000e+01   1.0000000e+00   1.3489736e+00   1.1513587e+00
   1.5560000e+01   1.0000000e+00   1.3343109e+00   1.1373998e+00
   1.5580000e+01   1.0000000e+00   1.3196481e+00   1.1240274e+00
   1.5600000e+01   1.0000000e+00   1.3196481e+00   1.1112414e+00
   1.5620000e+01   1.0000000e+00   1.3098729e+00   1.0984555e+00
   1.5640000e+01   1.0000000e+00   1.2903226e+00   1.0860606e+00
   1.5660000e+01   1.0000000e+00   1.2805474e+00   1.0744477e+00
   1.5680000e+01   1.0000000e+00   1.2756598e+00   1.0632258e+00
   1.5700000e+01   1.0000000e+00   1.2658847e+00   1.0521994e+00
   1.5720000e+01   1.0000000e+00   1.2561095e+00   1.0415640e+00
   1.5740000e+01   1.0000000e+00   1.2512219e+00   1.0313196e+00
   1.5760000e+01   1.0000000e+00   1.2414467e+00   1.0212708e+00
   1.5780000e+01   1.0000000e+00   1.2316716e+00   1.0116129e+00
   1.5800000e+01   1.0000000e+00   1.2170088e+00   1.0023460e+00
   1.5820000e+01   1.0000000e+00   1.2072336e+00   9.9366569e-01
   1.5840000e+01   1.0000000e+00   1.1974585e+00   9.8537634e-01
   1.5860000e+01   1.0000000e+00   1.1876833e+00   9.7747801e-01
   1.5880000e+01   1.0000000e+00   1.1681329e+00   9.6997067e-01
   1.5900000e+01   1.0000000e+00   1.1583578e+00   9.6324536e-01
   1.5920000e+01   1.0000000e+00   1.1436950e+00   9.5691105e-01
   1.5940000e+01   1.0000000e+00   1.1388074e+00   9.5116325e-01
   1.5960000e+01   1.0000000e+00   1.1192571e+00   9.4561095e-01
   1.5980000e+01   1.0000000e+00   1.1045943e+00   9.4084066e-01
   1.6000000e+01   1.0000000e+00   1.0997067e+00   9.3665689e-01
   1.6020000e+01   1.0000000e+00   1.0948192e+00   9.3266862e-01
   1.6040000e+01   1.0000000e+00   1.0801564e+00   9.2887586e-01
   1.6060000e+01   1.0000000e+00   1.0752688e+00   9.2566960e-01
   1.6080000e+01   1.0000000e+00   1.0703812e+00   9.2265885e-01
   1.6100000e+01   1.0000000e+00   1.0557185e+00   9.1984360e-01
   1.6120000e+01   1.0000000e+00   1.0459433e+00   9.1761486e-01
   1.6140000e+01   1.0000000e+00   1.0410557e+00   9.1577713e-01
   1.6160000e+01   1.0000000e+00   1.0215054e+00   9.1413490e-01
   1.6180000e+01   1.0000000e+00   1.0166178e+00   9.1327468e-01
   1.6200000e+01   1.0000000e+00   1.0019550e+00   9.1260997e-01
   1.6220000e+01   1.0000000e+00   1.0068426e+00   9.1253177e-01
   1.6240000e+01   1.0000000e+00   9.8729228e-01   9.1225806e-01
   1.6260000e+01   1.0000000e+00   9.9217986e-01   9.1276637e-01
   1.6280000e+01   1.0000000e+00   9.7751711e-01   9.1307918e-01
   1.6300000e+01   1.0000000e+00   9.6285435e-01   9.1397849e-01
   1.6320000e+01   1.0000000e+00   9.5796676e-01   9.1546432e-01
   1.6340000e+01   1.0000000e+00   9.6285435e-01   9.1714565e-01
   1.6360000e+01   1.0000000e+00   9.4819159e-01   9.1863148e-01
   1.6380000e+01   1.0000000e+00   9.4330401e-01   9.2070381e-01
   1.6400000e+01   1.0000000e+00   9.3841642e-01   9.2297165e-01
   1.6420000e+01   1.0000000e+00   9.3352884e-01   9.2543500e-01
   1.6440000e+01   1.0000000e+00   9.2375367e-01   9.2809384e-01
   1.6460000e+01   1.0000000e+00   9.2375367e-01   9.3114370e-01
   1.6480000e+01   1.0000000e+00   9.1886608e-01   9.3419355e-01
   1.6500000e+01   1.0000000e+00   9.0909091e-01   9.3743891e-01
   1.6520000e+01   1.0000000e+00   9.0909091e-01   9.4107527e-01
   1.6540000e+01   1.0000000e+00   9.0420332e-01   9.4471163e-01
   1.6560000e+01   1.0000000e+00   8.9931574e-01   9.4854350e-01
   1.6580000e+01   1.0000000e+00   8.9442815e-01   9.5257087e-01
   1.6600000e+01   1.0000000e+00   8.9442815e-01   9.5679374e-01
   1.6620000e+01   1.0000000e+00   8.8954057e-01   9.6101662e-01
   1.6640000e+01   1.0000000e+00   8.8465298e-01   9.6543500e-01
   1.6660000e+01   1.0000000e+00   8.8465298e-01   9.7004888e-01
   1.6680000e+01   1.0000000e+00   8.8465298e-01   9.7466276e-01
   1.6700000e+01   1.0000000e+00   8.7976540e-01   9.7927664e-01
   1.6720000e+01   1.0000000e+00   8.7976540e-01   9.8408602e-01
   1.6740000e+01   1.0000000e+00   8.8465298e-01   9.8889541e-01
   1.6760000e+01   1.0000000e+00   8.7976540e-01   9.9350929e-01
   1.6780000e+01   1.0000000e+00   8.7487781e-01   9.9831867e-01
   1.6800000e+01   1.0000000e+00   8.7487781e-01   1.0033236e+00
   1.6820000e+01   1.0000000e+00   8.7976540e-01   1.0083284e+00
   1.6840000e+01   1.0000000e+00   8.7976540e-01   1.0131378e+00
   1.6860000e+01   1.0000000e+00   8.7976540e-01   1.0179472e+00
   1.6880000e+01   1.0000000e+00   8.7976540e-01   1.0227566e+00
   1.6900000e+01   1.0000000e+00   8.7976540e-01   1.0275660e+00
   1.6920000e+01   1.0000000e+00   8.7976540e-01   1.0323754e+00
   1.6940000e+01   1.0000000e+00   8.7976540e-01   1.0371848e+00
   1.6960000e+01   1.0000000e+00   8.7976540e-01   1.0419941e+00
   1.6980000e+01   1.0000000e+00   8.7976540e-01   1.0468035e+00
   1.7000000e+01   1.0000000e+00   8.7487781e-01   1.0516129e+00
   1.7020000e+01   1.0000000e+00   8.8465298e-01   1.0566178e+00
   1.7040000e+01   1.0000000e+00   8.9442815e-01   1.0612317e+00
   1.7060000e+01   1.0000000e+00   8.9442815e-01   1.0654545e+00
   1.7080000e+01   1.0000000e+00   8.9442815e-01   1.0696774e+00
   1.7100000e+01   1.0000000e+00   8.9442815e-01   1.0739003e+00
   1.7120000e+01   1.0000000e+00   8.9931574e-01   1.0781232e+00
   1.7140000e+01   1.0000000e+00   8.9931574e-01   1.0821505e+00
   1.7160000e+01   1.0000000e+00   9.0420332e-01   1.0861779e+00
   1.7180000e+01   1.0000000e+00   8.9931574e-01   1.0900098e+00
   1.7200000e+01   1.0000000e+00   9.0420332e-01   1.0940371e+00
   1.7220000e+01   1.0000000e+00   9.0909091e-01   1.0978690e+00
   1.7240000e+01   1.0000000e+00   9.1397849e-01   1.1015054e+00
   1.7260000e+01   1.0000000e+00   9.1397849e-01   1.1049462e+00
   1.7280000e+01   1.0000000e+00   9.1886608e-01   1.1083871e+00
   1.7300000e+01   1.0000000e+00   9.2375367e-01   1.1116325e+00
   1.7320000e+01   1.0000000e+00   9.2375367e-01   1.1146823e+00
   1.7340000e+01   1.0000000e+00   9.2864125e-01   1.1177322e+00
   1.7360000e+01   1.0000000e+00   9.3352884e-01   1.1205865e+00
   1.7380000e+01   1.0000000e+00   9.2864125e-01   1.1232454e+00
   1.7400000e+01   1.0000000e+00   9.3841642e-01   1.1260997e+00
   1.7420000e+01   1.0000000e+00   9.3841642e-01   1.1285630e+00
   1.7440000e+01   1.0000000e+00   9.4330401e-01   1.1310264e+00
   1.7460000e+01   1.0000000e+00   9.3841642e-01   1.1332942e+00
   1.7480000e+01   1.0000000e+00   9.4819159e-01   1.1357576e+00
   1.7500000e+01   1.0000000e+00   9.5307918e-01   1.1378299e+00
   1.7520000e+01   1.0000000e+00   9.5307918e-01   1.1397067e+00
   1.7540000e+01   1.0000000e+00   9.6285435e-01   1.1415836e+00
   1.7560000e+01   1.0000000e+00   9.7262952e-01   1.1430694e+00
   1.7580000e+01   1.0000000e+00   9.7262952e-01   1.1441642e+00
   1.7600000e+01   1.0000000e+00   9.7751711e-01   1.1452590e+00
   1.7620000e+01   1.0000000e+00   9.7262952e-01   1.1461584e+00
   1.7640000e+01   1.0000000e+00   9.7751711e-01   1.1472532e+00
   1.7660000e+01   1.0000000e+00   9.7262952e-01   1.1481525e+00
   1.7680000e+01   1.0000000e+00   9.8240469e-01   1.1492473e+00
   1.7700000e+01   1.0000000e+00   9.9217986e-01   1.1499511e+00
   1.7720000e+01   1.0000000e+00   9.9217986e-01   1.1502639e+00
   1.7740000e+01   1.0000000e+00   9.9706745e-01   1.1505767e+00
   1.7760000e+01   1.0000000e+00   9.9217986e-01   1.1506940e+00
   1.7780000e+01   1.0000000e+00   9.9217986e-01   1.1510068e+00
   1.7800000e+01   1.0000000e+00   9.9217986e-01   1.1513196e+00
   1.7820000e+01   1.0000000e+00   1.0019550e+00   1.1516325e+00
   1.7840000e+01   1.0000000e+00   1.0019550e+00   1.1515543e+00
   1.7860000e+01   1.0000000e+00   1.0117302e+00   1.1514761e+00
   1.7880000e+01   1.0000000e+00   1.0166178e+00   1.1510068e+00
   1.7900000e+01   1.0000000e+00   1.0166178e+00   1.1503421e+00
   1.7920000e+01   1.0000000e+00   1.0215054e+00   1.1496774e+00
   1.7940000e+01   1.0000000e+00   1.0166178e+00   1.1488172e+00
   1.7960000e+01   1.0000000e+00   1.0117302e+00   1.1481525e+00
   1.7980000e+01   1.0000000e+00   1.0263930e+00   1.1476833e+00
   1.8000000e+01   1.0000000e+00   1.0263930e+00   1.1466276e+00
   1.8020000e+01   1.0000000e+00   1.0215054e+00   1.1455718e+00
   1.8040000e+01   1.0000000e+00   1.0361681e+00   1.1447116e+00
   1.8060000e+01   1.0000000e+00   1.0263930e+00   1.1432649e+00
   1.8080000e+01   1.0000000e+00   1.0312805e+00   1.1422092e+00
   1.8100000e+01   1.0000000e+00   1.0312805e+00   1.1409580e+00
   1.8120000e+01   1.0000000e+00   1.0263930e+00   1.1397067e+00
   1.8140000e+01   1.0000000e+00   1.0361681e+00   1.1386510e+00
   1.8160000e+01   1.0000000e+00   1.0312805e+00   1.1372043e+00
   1.8180000e+01   1.0000000e+00   1.0312805e+00   1.1359531e+00
   1.8200000e+01   1.0000000e+00   1.0312805e+00   1.1347019e+00
   1.8220000e+01   1.0000000e+00   1.0361681e+00   1.1334506e+00
   1.8240000e+01   1.0000000e+00   1.0361681e+00   1.1320039e+00
   1.8260000e+01   1.0000000e+00   1.0410557e+00   1.1305572e+00
   1.8280000e+01   1.0000000e+00   1.0312805e+00   1.1289150e+00
   1.8300000e+01   1.0000000e+00   1.0312805e+00   1.1276637e+00
   1.8320000e+01   1.0000000e+00   1.0361681e+00   1.1264125e+00
   1.8340000e+01   1.0000000e+00   1.0361681e+00   1.1249658e+00
   1.8360000e+01   1.0000000e+00   1.0410557e+00   1.1235191e+00
   1.8380000e+01   1.0000000e+00   1.0312805e+00   1.1218768e+00
   1.8400000e+01   1.0000000e+00   1.0361681e+00   1.1206256e+00
   1.8420000e+01   1.0000000e+00   1.0361681e+00   1.1191789e+00
   1.8440000e+01   1.0000000e+00   1.0312805e+00   1.1177322e+00
   1.8460000e+01   1.0000000e+00   1.0312805e+00   1.1164809e+00
   1.8480000e+01   1.0000000e+00   1.0361681e+00   1.1152297e+00
   1.8500000e+01   1.0000000e+00   1.0312805e+00   1.1137830e+00
   1.8520000e+01   1.0000000e+00   1.0361681e+00   1.1125318e+00
   1.8540000e+01   1.0000000e+00   1.0361681e+00   1.1110850e+00
   1.8560000e+01   1.0000000e+00   1.0361681e+00   1.1096383e+00
   1.8580000e+01   1.0000000e+00   1.0361681e+00   1.1081916e+00
   1.8600000e+01   1.0000000e+00   1.0312805e+00   1.1067449e+00
   1.8620000e+01   1.0000000e+00   1.0263930e+00   1.1054936e+00
   1.8640000e+01   1.0000000e+00   1.0361681e+00   1.1044379e+00
   1.8660000e+01   1.0000000e+00   1.0263930e+00   1.1029912e+00
   1.8680000e+01   1.0000000e+00   1.0215054e+00   1.1019355e+00
   1.8700000e+01   1.0000000e+00   1.0263930e+00   1.1010753e+00
   1.8720000e+01   1.0000000e+00   1.0312805e+00   1.1000196e+00
   1.8740000e+01   1.0000000e+00   1.0312805e+00   1.0987683e+00
   1.8760000e+01   1.0000000e+00   1.0263930e+00   1.0975171e+00
   1.8780000e+01   1.0000000e+00   1.0215054e+00   1.0964614e+00
   1.8800000e+01   1.0000000e+00   1.0215054e+00   1.0956012e+00
   1.8820000e+01   1.0000000e+00   1.0215054e+00   1.0947410e+00
   1.8840000e+01   1.0000000e+00   1.0117302e+00   1.0938807e+00
   1.8860000e+01   1.0000000e+00   1.0166178e+00   1.0934115e+00
   1.8880000e+01   1.0000000e+00   1.0166178e+00   1.0927468e+00
   1.8900000e+01   1.0000000e+00   1.0117302e+00   1.0920821e+00
   1.8920000e+01   1.0000000e+00   1.0166178e+00   1.0916129e+00
   1.8940000e+01   1.0000000e+00   1.0263930e+00   1.0909482e+00
   1.8960000e+01   1.0000000e+00   1.0215054e+00   1.0898925e+00
   1.8980000e+01   1.0000000e+00   1.0215054e+00   1.0890323e+00
   1.9000000e+01   1.0000000e+00   1.0166178e+00   1.0881720e+00
   1.9020000e+01   1.0000000e+00   1.0166178e+00   1.0875073e+00
   1.9040000e+01   1.0000000e+00   1.0117302e+00   1.0868426e+00
   1.9060000e+01   1.0000000e+00   1.0166178e+00   1.0863734e+00
   1.9080000e+01   1.0000000e+00   1.0117302e+00   1.0857087e+00
   1.9100000e+01   1.0000000e+00   1.0019550e+00   1.0852395e+00
   1.9120000e+01   1.0000000e+00   1.0068426e+00   1.0851613e+00
   1.9140000e+01   1.0000000e+00   1.0068426e+00   1.0848876e+00
   1.9160000e+01   1.0000000e+00   9.9706745e-01   1.0846139e+00
   1.9180000e+01   1.0000000e+00   1.0068426e+00   1.0847312e+00
   1.9200000e+01   1.0000000e+00   1.0019550e+00   1.0844575e+00
   1.9220000e+01   1.0000000e+00   1.0019550e+00   1.0843793e+00
   1.9240000e+01   1.0000000e+00   1.0019550e+00   1.0843011e+00
   1.9260000e+01   1.0000000e+00   1.0019550e+00   1.0842229e+00
   1.9280000e+01   1.0000000e+00   9.9706745e-01   1.0841447e+00
   1.9300000e+01   1.0000000e+00   9.9706745e-01   1.0842620e+00
   1.9320000e+01   1.0000000e+00   9.9706745e-01   1.0843793e+00
   1.9340000e+01   1.0000000e+00   1.0019550e+00   1.0844966e+00
   1.9360000e+01   1.0000000e+00   1.0019550e+00   1.0844184e+00
   1.9380000e+01   1.0000000e+00   9.9706745e-01   1.0843402e+00
   1.9400000e+01   1.0000000e+00   9.9706745e-01   1.0844575e+00
   1.9420000e+01   1.0000000e+00   1.0019550e+00   1.0845748e+00
   1.9440000e+01   1.0000000e+00   9.9706745e-01   1.0844966e+00
   1.9460000e+01   1.0000000e+00   9.9706745e-01   1.0846139e+00
   1.9480000e+01   1.0000000e+00   1.0019550e+00   1.0847312e+00
   1.9500000e+01   1.0000000e+00   9.9217986e-01   1.0846530e+00
   1.9520000e+01   1.0000000e+00   1.0019550e+00   1.0849658e+00
   1.9540000e+01   1.0000000e+00   1.0019550e+00   1.0848876e+00
   1.9560000e+01   1.0000000e+00   9.9706745e-01   1.0848094e+00
   1.9580000e+01   1.0000000e+00   1.0019550e+00   1.0849267e+00
   1.9600000e+01   1.0000000e+00   9.9706745e-01   1.0848485e+00
   1.9620000e+01   1.0000000e+00   9.9706745e-01   1.0849658e+00
   1.9640000e+01   1.0000000e+00   9.9706745e-01   1.0850831e+00
   1.9660000e+01   1.0000000e+00   9.9706745e-01   1.0852004e+00
   1.9680000e+01   1.0000000e+00   9.9706745e-01   1.0853177e+00
   1.9700000e+01   1.0000000e+00   9.9217986e-01   1.0854350e+00
   1.9720000e+01   1.0000000e+00   9.9706745e-01   1.0857478e+00
   1.9740000e+01   1.0000000e+00   9.9706745e-01   1.0858651e+00
   1.9760000e+01   1.0000000e+00   9.9706745e-01   1.0859824e+00
   1.9780000e+01   1.0000000e+00   9.9217986e-01   1.0860997e+00
   1.9800000e+01   1.0000000e+00   9.9217986e-01   1.0864125e+00
   1.9820000e+01   1.0000000e+00   9.9217986e-01   1.0867253e+00
   1.9840000e+01   1.0000000e+00   9.9706745e-01   1.0870381e+00
   1.9860000e+01   1.0000000e+00   9.9217986e-01   1.0871554e+00
   1.9880000e+01   1.0000000e+00   9.9706745e-01   1.0874682e+00
   1.9900000e+01   1.0000000e+00   9.9706745e-01   1.0875855e+00
   1.9920000e+01   1.0000000e+00   9.9706745e-01   1.0877028e+00
   1.9940000e+01   1.0000000e+00   9.9706745e-01   1.0878201e+00
   1.9960000e+01   1.0000000e+00   9.9706745e-01   1.0879374e+00
   1.9980000e+01   1.0000000e+00   9.8729228e-01   1.0880547e+00
   2.0000000e+01   1.5000000e+00   9.9706745e-01   1.0885630e+00
