   0.0000000e+00   1.5000000e+00   0.0000000e+00   0.0000000e+00
   2.0000000e-02   1.5000000e+00   0.0000000e+00   3.0000000e-01
   4.0000000e-02   1.5000000e+00   0.0000000e+00   6.0000000e-01
   6.0000000e-02   1.5000000e+00   0.0000000e+00   9.0000000e-01
   8.0000000e-02   1.5000000e+00   0.0000000e+00   1.2000000e+00
   1.0000000e-01   1.5000000e+00   2.9325513e-02   1.5000000e+00
   1.2000000e-01   1.5000000e+00   6.8426197e-02   1.7941349e+00
   1.4000000e-01   1.5000000e+00   1.1730205e-01   2.0804497e+00
   1.6000000e-01   1.5000000e+00   1.8084066e-01   2.3569892e+00
   1.8000000e-01   1.5000000e+00   2.4926686e-01   2.6208211e+00
   2.0000000e-01   1.5000000e+00   3.2746823e-01   2.8709677e+00
   2.2000000e-01   1.5000000e+00   3.8611926e-01   3.1054741e+00
   2.4000000e-01   1.5000000e+00   7.4780059e-01   3.3282502e+00
   2.6000000e-01   1.5000000e+00   8.2600196e-01   3.4786901e+00
   2.8000000e-01   1.5000000e+00   9.1397849e-01   3.6134897e+00
   3.0000000e-01   1.5000000e+00   1.0117302e+00   3.7306940e+00
   3.2000000e-01   1.5000000e+00   1.0899316e+00   3.8283480e+00
   3.4000000e-01   1.5000000e+00   1.1681329e+00   3.9103617e+00
   3.6000000e-01   1.5000000e+00   1.2463343e+00   3.9767351e+00
   3.8000000e-01   1.5000000e+00   1.3196481e+00   4.0274682e+00
   4.0000000e-01   1.5000000e+00   1.3880743e+00   4.0635386e+00
   4.2000000e-01   1.5000000e+00   1.4711632e+00   4.0859238e+00
   4.4000000e-01   1.5000000e+00   1.5591398e+00   4.0916911e+00
   4.6000000e-01   1.5000000e+00   1.6373412e+00   4.0798631e+00
   4.8000000e-01   1.5000000e+00   1.6911046e+00   4.0523949e+00
   5.0000000e-01   1.5000000e+00   1.7693060e+00   4.0141740e+00
   5.2000000e-01   1.5000000e+00   1.8426197e+00   3.9603128e+00
   5.4000000e-01   1.5000000e+00   1.8670577e+00   3.8917889e+00
   5.6000000e-01   1.5000000e+00   1.8963832e+00   3.8183773e+00
   5.8000000e-01   1.5000000e+00   1.9403715e+00   3.7391007e+00
   6.0000000e-01   1.5000000e+00   1.9745846e+00   3.6510264e+00
   6.2000000e-01   1.5000000e+00   2.0087977e+00   3.5561095e+00
   6.4000000e-01   1.5000000e+00   2.0185728e+00   3.4543500e+00
   6.6000000e-01   1.5000000e+00   2.0283480e+00   3.3506354e+00
   6.8000000e-01   1.5000000e+00   2.0283480e+00   3.2449658e+00
   7.0000000e-01   1.5000000e+00   2.0381232e+00   3.1392962e+00
   7.2000000e-01   1.5000000e+00   2.0430108e+00   3.0316716e+00
   7.4000000e-01   1.5000000e+00   2.0381232e+00   2.9230694e+00
   7.6000000e-01   1.5000000e+00   2.0381232e+00   2.8154448e+00
   7.8000000e-01   1.5000000e+00   2.0381232e+00   2.7078201e+00
   8.0000000e-01   1.5000000e+00   2.0283480e+00   2.6001955e+00
   8.2000000e-01   1.5000000e+00   2.0234604e+00   2.4945259e+00
   8.4000000e-01   1.5000000e+00   2.0283480e+00   2.3898338e+00
   8.6000000e-01   1.5000000e+00   2.0136852e+00   2.2841642e+00
   8.8000000e-01   1.5000000e+00   2.0039101e+00   2.1814272e+00
   9.0000000e-01   1.5000000e+00   1.9941349e+00   2.0806452e+00
   9.2000000e-01   1.5000000e+00   1.9745846e+00   1.9818182e+00
   9.4000000e-01   1.5000000e+00   1.9599218e+00   1.8869013e+00
   9.6000000e-01   1.5000000e+00   1.9452590e+00   1.7949169e+00
   9.8000000e-01   1.5000000e+00   1.9403715e+00   1.7058651e+00
   1.0000000e+00   1.5000000e+00   1.9257087e+00   1.6177908e+00
   1.0200000e+00   1.5000000e+00   1.9012708e+00   1.5326491e+00
   1.0400000e+00   1.5000000e+00   1.8768328e+00   1.4523949e+00
   1.0600000e+00   1.5000000e+00   1.8670577e+00   1.3770283e+00
   1.0800000e+00   1.5000000e+00   1.8523949e+00   1.3036168e+00
   1.1000000e+00   1.5000000e+00   1.8328446e+00   1.2331378e+00
   1.1200000e+00   1.5000000e+00   1.8328446e+00   1.1665689e+00
   1.1400000e+00   1.5000000e+00   1.8084066e+00   1.1000000e+00
   1.1600000e+00   1.5000000e+00   1.7790811e+00   1.0383187e+00
   1.1800000e+00   1.5000000e+00   1.7644184e+00   9.8250244e-01
   1.2000000e+00   1.5000000e+00   1.7008798e+00   9.2961877e-01
   1.2200000e+00   1.5000000e+00   1.6666667e+00   8.8944282e-01
   1.2400000e+00   1.5000000e+00   1.6373412e+00   8.5610948e-01
   1.2600000e+00   1.5000000e+00   1.6177908e+00   8.2864125e-01
   1.2800000e+00   1.5000000e+00   1.5933529e+00   8.0508309e-01
   1.3000000e+00   1.5000000e+00   1.5640274e+00   7.8641251e-01
   1.3200000e+00   1.5000000e+00   1.5444770e+00   7.7360704e-01
   1.3400000e+00   1.5000000e+00   1.5151515e+00   7.6471163e-01
   1.3600000e+00   1.5000000e+00   1.4907136e+00   7.6168133e-01
   1.3800000e+00   1.5000000e+00   1.4613881e+00   7.6353861e-01
   1.4000000e+00   1.5000000e+00   1.4222874e+00   7.7126100e-01
   1.4200000e+00   1.5000000e+00   1.3978495e+00   7.8680352e-01
   1.4400000e+00   1.5000000e+00   1.3685239e+00   8.0723363e-01
   1.4600000e+00   1.5000000e+00   1.3440860e+00   8.3352884e-01
   1.4800000e+00   1.5000000e+00   1.3245357e+00   8.6471163e-01
   1.5000000e+00   1.5000000e+00   1.3000978e+00   8.9980450e-01
   1.5200000e+00   1.5000000e+00   1.2805474e+00   9.3978495e-01
   1.5400000e+00   1.5000000e+00   1.2658847e+00   9.8367546e-01
   1.5600000e+00   1.5000000e+00   1.2512219e+00   1.0304985e+00
   1.5800000e+00   1.5000000e+00   1.2414467e+00   1.0802542e+00
   1.6000000e+00   1.5000000e+00   1.2170088e+00   1.1319648e+00
   1.6200000e+00   1.5000000e+00   1.2170088e+00   1.1885630e+00
   1.6400000e+00   1.5000000e+00   1.2121212e+00   1.2451613e+00
   1.6600000e+00   1.5000000e+00   1.2023460e+00   1.3027370e+00
   1.6800000e+00   1.5000000e+00   1.2023460e+00   1.3622678e+00
   1.7000000e+00   1.5000000e+00   1.1974585e+00   1.4217986e+00
   1.7200000e+00   1.5000000e+00   1.2072336e+00   1.4823069e+00
   1.7400000e+00   1.5000000e+00   1.2072336e+00   1.5408602e+00
   1.7600000e+00   1.5000000e+00   1.2512219e+00   1.5994135e+00
   1.7800000e+00   1.5000000e+00   1.2609971e+00   1.6491691e+00
   1.8000000e+00   1.5000000e+00   1.2658847e+00   1.6969697e+00
   1.8200000e+00   1.5000000e+00   1.2756598e+00   1.7437928e+00
   1.8400000e+00   1.5000000e+00   1.2903226e+00   1.7886608e+00
   1.8600000e+00   1.5000000e+00   1.3000978e+00   1.8305963e+00
   1.8800000e+00   1.5000000e+00   1.3000978e+00   1.8705767e+00
   1.9000000e+00   1.5000000e+00   1.3147605e+00   1.9105572e+00
   1.9200000e+00   1.5000000e+00   1.3343109e+00   1.9476051e+00
   1.9400000e+00   1.5000000e+00   1.3538612e+00   1.9807429e+00
   1.9600000e+00   1.5000000e+00   1.3685239e+00   2.0099707e+00
   1.9800000e+00   1.5000000e+00   1.3831867e+00   2.0362659e+00
   2.0000000e+00   1.5000000e+00   1.4027370e+00   2.0596285e+00
   2.0200000e+00   1.5000000e+00   1.4222874e+00   2.0790811e+00
   2.0400000e+00   1.5000000e+00   1.4467253e+00   2.0946237e+00
   2.0600000e+00   1.5000000e+00   1.4662757e+00   2.1052786e+00
   2.0800000e+00   1.5000000e+00   1.4809384e+00   2.1120235e+00
   2.1000000e+00   1.5000000e+00   1.4956012e+00   2.1158358e+00
   2.1200000e+00   1.5000000e+00   1.5004888e+00   2.1167155e+00
   2.1400000e+00   1.5000000e+00   1.5102639e+00   2.1166178e+00
   2.1600000e+00   1.5000000e+00   1.5249267e+00   2.1145650e+00
   2.1800000e+00   1.5000000e+00   1.5298143e+00   2.1095797e+00
   2.2000000e+00   1.5000000e+00   1.5395894e+00   2.1036168e+00
   2.2200000e+00   1.5000000e+00   1.5493646e+00   2.0956989e+00
   2.2400000e+00   1.5000000e+00   1.5835777e+00   2.0858260e+00
   2.2600000e+00   1.5000000e+00   1.5933529e+00   2.0691105e+00
   2.2800000e+00   1.5000000e+00   1.6031281e+00   2.0504399e+00
   2.3000000e+00   1.5000000e+00   1.6080156e+00   2.0298143e+00
   2.3200000e+00   1.5000000e+00   1.6177908e+00   2.0082111e+00
   2.3400000e+00   1.5000000e+00   1.6275660e+00   1.9846530e+00
   2.3600000e+00   1.5000000e+00   1.6471163e+00   1.9591398e+00
   2.3800000e+00   1.5000000e+00   1.6471163e+00   1.9297165e+00
   2.4000000e+00   1.5000000e+00   1.6471163e+00   1.9002933e+00
   2.4200000e+00   1.5000000e+00   1.6520039e+00   1.8708700e+00
   2.4400000e+00   1.5000000e+00   1.6568915e+00   1.8404692e+00
   2.4600000e+00   1.5000000e+00   1.6471163e+00   1.8090909e+00
   2.4800000e+00   1.5000000e+00   1.6471163e+00   1.7796676e+00
   2.5000000e+00   1.5000000e+00   1.6471163e+00   1.7502444e+00
   2.5200000e+00   1.5000000e+00   1.6471163e+00   1.7208211e+00
   2.5400000e+00   1.5000000e+00   1.6373412e+00   1.6913978e+00
   2.5600000e+00   1.5000000e+00   1.6275660e+00   1.6639296e+00
   2.5800000e+00   1.5000000e+00   1.6275660e+00   1.6384164e+00
   2.6000000e+00   1.5000000e+00   1.6226784e+00   1.6129032e+00
   2.6200000e+00   1.5000000e+00   1.6275660e+00   1.5883675e+00
   2.6400000e+00   1.5000000e+00   1.6129032e+00   1.5628543e+00
   2.6600000e+00   1.5000000e+00   1.6080156e+00   1.5402737e+00
   2.6800000e+00   1.5000000e+00   1.6031281e+00   1.5186706e+00
   2.7000000e+00   1.5000000e+00   1.6031281e+00   1.4980450e+00
   2.7200000e+00   1.5000000e+00   1.5884653e+00   1.4774194e+00
   2.7400000e+00   1.5000000e+00   1.5835777e+00   1.4597263e+00
   2.7600000e+00   1.5000000e+00   1.5738025e+00   1.4430108e+00
   2.7800000e+00   1.5000000e+00   1.5640274e+00   1.4282502e+00
   2.8000000e+00   1.5000000e+00   1.5444770e+00   1.4154448e+00
   2.8200000e+00   1.5000000e+00   1.5444770e+00   1.4065494e+00
   2.8400000e+00   1.5000000e+00   1.5298143e+00   1.3976540e+00
   2.8600000e+00   1.5000000e+00   1.5151515e+00   1.3916911e+00
   2.8800000e+00   1.5000000e+00   1.5102639e+00   1.3886608e+00
   2.9000000e+00   1.5000000e+00   1.5004888e+00   1.3866080e+00
   2.9200000e+00   1.5000000e+00   1.5053763e+00   1.3865103e+00
   2.9400000e+00   1.5000000e+00   1.4858260e+00   1.3854350e+00
   2.9600000e+00   1.5000000e+00   1.4809384e+00   1.3882698e+00
   2.9800000e+00   1.5000000e+00   1.4711632e+00   1.3920821e+00
   3.0000000e+00   1.5000000e+00   1.4662757e+00   1.3978495e+00
   3.0200000e+00   1.5000000e+00   1.4565005e+00   1.4045943e+00
   3.0400000e+00   1.5000000e+00   1.4418377e+00   1.4132942e+00
   3.0600000e+00   1.5000000e+00   1.4418377e+00   1.4249267e+00
   3.0800000e+00   1.5000000e+00   1.4369501e+00   1.4365591e+00
   3.1000000e+00   1.5000000e+00   1.4271750e+00   1.4491691e+00
   3.1200000e+00   1.5000000e+00   1.4222874e+00   1.4637341e+00
   3.1400000e+00   1.5000000e+00   1.4222874e+00   1.4792766e+00
   3.1600000e+00   1.5000000e+00   1.4222874e+00   1.4948192e+00
   3.1800000e+00   1.5000000e+00   1.4125122e+00   1.5103617e+00
   3.2000000e+00   1.5000000e+00   1.4173998e+00   1.5278592e+00
   3.2200000e+00   1.5000000e+00   1.4173998e+00   1.5443793e+00
   3.2400000e+00   1.5000000e+00   1.4125122e+00   1.5608993e+00
   3.2600000e+00   1.5000000e+00   1.4125122e+00   1.5783969e+00
   3.2800000e+00   1.5000000e+00   1.4222874e+00   1.5958944e+00
   3.3000000e+00   1.5000000e+00   1.4271750e+00   1.6114370e+00
   3.3200000e+00   1.5000000e+00   1.4222874e+00   1.6260020e+00
   3.3400000e+00   1.5000000e+00   1.4271750e+00   1.6415445e+00
   3.3600000e+00   1.5000000e+00   1.4320626e+00   1.6561095e+00
   3.3800000e+00   1.5000000e+00   1.4320626e+00   1.6696970e+00
   3.4000000e+00   1.5000000e+00   1.4320626e+00   1.6832845e+00
   3.4200000e+00   1.5000000e+00   1.4369501e+00   1.6968719e+00
   3.4400000e+00   1.5000000e+00   1.4369501e+00   1.7094819e+00
   3.4600000e+00   1.5000000e+00   1.4369501e+00   1.7220919e+00
   3.4800000e+00   1.5000000e+00   1.4516129e+00   1.7347019e+00
   3.5000000e+00   1.5000000e+00   1.4467253e+00   1.7443793e+00
   3.5200000e+00   1.5000000e+00   1.4613881e+00   1.7550342e+00
   3.5400000e+00   1.5000000e+00   1.4662757e+00   1.7627566e+00
   3.5600000e+00   1.5000000e+00   1.4662757e+00   1.7695015e+00
   3.5800000e+00   1.5000000e+00   1.4760508e+00   1.7762463e+00
   3.6000000e+00   1.5000000e+00   1.4711632e+00   1.7810362e+00
   3.6200000e+00   1.5000000e+00   1.4760508e+00   1.7868035e+00
   3.6400000e+00   1.5000000e+00   1.4809384e+00   1.7915934e+00
   3.6600000e+00   1.5000000e+00   1.4858260e+00   1.7954057e+00
   3.6800000e+00   1.5000000e+00   1.4907136e+00   1.7982405e+00
   3.7000000e+00   1.5000000e+00   1.4858260e+00   1.8000978e+00
   3.7200000e+00   1.5000000e+00   1.5004888e+00   1.8029326e+00
   3.7400000e+00   1.5000000e+00   1.4907136e+00   1.8028348e+00
   3.7600000e+00   1.5000000e+00   1.5004888e+00   1.8046921e+00
   3.7800000e+00   1.5000000e+00   1.4907136e+00   1.8045943e+00
   3.8000000e+00   1.5000000e+00   1.5053763e+00   1.8064516e+00
   3.8200000e+00   1.5000000e+00   1.5102639e+00   1.8053763e+00
   3.8400000e+00   1.5000000e+00   1.5102639e+00   1.8033236e+00
   3.8600000e+00   1.5000000e+00   1.5151515e+00   1.8012708e+00
   3.8800000e+00   1.5000000e+00   1.5200391e+00   1.7982405e+00
   3.9000000e+00   1.5000000e+00   1.5249267e+00   1.7942326e+00
   3.9200000e+00   1.5000000e+00   1.5298143e+00   1.7892473e+00
   3.9400000e+00   1.5000000e+00   1.5249267e+00   1.7832845e+00
   3.9600000e+00   1.5000000e+00   1.5347019e+00   1.7782991e+00
   3.9800000e+00   1.5000000e+00   1.5298143e+00   1.7713587e+00
   4.0000000e+00   1.5000000e+00   1.5444770e+00   1.7653959e+00
   4.0200000e+00   1.5000000e+00   1.5444770e+00   1.7565005e+00
   4.0400000e+00   1.5000000e+00   1.5444770e+00   1.7476051e+00
   4.0600000e+00   1.5000000e+00   1.5444770e+00   1.7387097e+00
   4.0800000e+00   1.5000000e+00   1.5395894e+00   1.7298143e+00
   4.1000000e+00   1.5000000e+00   1.5444770e+00   1.7218964e+00
   4.1200000e+00   1.5000000e+00   1.5542522e+00   1.7130010e+00
   4.1400000e+00   1.5000000e+00   1.5542522e+00   1.7021505e+00
   4.1600000e+00   1.5000000e+00   1.5444770e+00   1.6913001e+00
   4.1800000e+00   1.5000000e+00   1.5444770e+00   1.6824047e+00
   4.2000000e+00   1.5000000e+00   1.5444770e+00   1.6735093e+00
   4.2200000e+00   1.5000000e+00   1.5493646e+00   1.6646139e+00
   4.2400000e+00   1.5000000e+00   1.5444770e+00   1.6547410e+00
   4.2600000e+00   1.5000000e+00   1.5395894e+00   1.6458456e+00
   4.2800000e+00   1.5000000e+00   1.5347019e+00   1.6379277e+00
   4.3000000e+00   1.5000000e+00   1.5298143e+00   1.6309873e+00
   4.3200000e+00   1.5000000e+00   1.5395894e+00   1.6250244e+00
   4.3400000e+00   1.5000000e+00   1.5249267e+00   1.6171065e+00
   4.3600000e+00   1.5000000e+00   1.5298143e+00   1.6121212e+00
   4.3800000e+00   1.5000000e+00   1.5151515e+00   1.6061584e+00
   4.4000000e+00   1.5000000e+00   1.5200391e+00   1.6031281e+00
   4.4200000e+00   1.5000000e+00   1.5151515e+00   1.5991202e+00
   4.4400000e+00   1.5000000e+00   1.5004888e+00   1.5960899e+00
   4.4600000e+00   1.5000000e+00   1.5053763e+00   1.5959922e+00
   4.4800000e+00   1.5000000e+00   1.5102639e+00   1.5949169e+00
   4.5000000e+00   1.5000000e+00   1.5004888e+00   1.5928641e+00
   4.5200000e+00   1.5000000e+00   1.4956012e+00   1.5927664e+00
   4.5400000e+00   1.5000000e+00   1.4907136e+00   1.5936461e+00
   4.5600000e+00   1.5000000e+00   1.4858260e+00   1.5955034e+00
   4.5800000e+00   1.5000000e+00   1.4858260e+00   1.5983382e+00
   4.6000000e+00   1.5000000e+00   1.4760508e+00   1.6011730e+00
   4.6200000e+00   1.5000000e+00   1.4711632e+00   1.6059629e+00
   4.6400000e+00   1.5000000e+00   1.4613881e+00   1.6117302e+00
   4.6600000e+00   1.5000000e+00   1.4662757e+00   1.6194526e+00
   4.6800000e+00   1.5000000e+00   1.4613881e+00   1.6261975e+00
   4.7000000e+00   1.5000000e+00   1.4565005e+00   1.6339198e+00
   4.7200000e+00   1.5000000e+00   1.4613881e+00   1.6426197e+00
   4.7400000e+00   1.5000000e+00   1.4565005e+00   1.6503421e+00
   4.7600000e+00   1.5000000e+00   1.4613881e+00   1.6590420e+00
   4.7800000e+00   1.5000000e+00   1.4565005e+00   1.6667644e+00
   4.8000000e+00   1.5000000e+00   1.4613881e+00   1.6754643e+00
   4.8200000e+00   1.5000000e+00   1.4613881e+00   1.6831867e+00
   4.8400000e+00   1.5000000e+00   1.4662757e+00   1.6909091e+00
   4.8600000e+00   1.5000000e+00   1.4662757e+00   1.6976540e+00
   4.8800000e+00   1.5000000e+00   1.4662757e+00   1.7043988e+00
   4.9000000e+00   1.5000000e+00   1.4809384e+00   1.7111437e+00
   4.9200000e+00   1.5000000e+00   1.4858260e+00   1.7149560e+00
   4.9400000e+00   1.5000000e+00   1.4809384e+00   1.7177908e+00
   4.9600000e+00   1.5000000e+00   1.4858260e+00   1.7216031e+00
   4.9800000e+00   1.5000000e+00   1.4760508e+00   1.7244379e+00
   5.0000000e+00   1.0000000e+00   1.4809384e+00   1.7292278e+00
   5.0200000e+00   1.0000000e+00   1.4858260e+00   1.6330401e+00
   5.0400000e+00   1.0000000e+00   1.4760508e+00   1.5358749e+00
   5.0600000e+00   1.0000000e+00   1.4809384e+00   1.4406647e+00
   5.0800000e+00   1.0000000e+00   1.4711632e+00   1.3444770e+00
   5.1000000e+00   1.0000000e+00   1.4662757e+00   1.2502444e+00
   5.1200000e+00   1.0000000e+00   1.4613881e+00   1.1569892e+00
   5.1400000e+00   1.0000000e+00   1.4418377e+00   1.0647116e+00
   5.1600000e+00   1.0000000e+00   1.4271750e+00   9.7634409e-01
   5.1800000e+00   1.0000000e+00   1.4027370e+00   8.9090909e-01
   5.2000000e+00   1.0000000e+00   1.3880743e+00   8.1036168e-01
   5.2200000e+00   1.0000000e+00   1.3685239e+00   7.3274682e-01
   5.2400000e+00   1.0000000e+00   1.3440860e+00   6.5904203e-01
   5.2600000e+00   1.0000000e+00   1.3196481e+00   5.9022483e-01
   5.2800000e+00   1.0000000e+00   1.3049853e+00   5.2629521e-01
   5.3000000e+00   1.0000000e+00   1.2316716e+00   4.6529814e-01
   5.3200000e+00   1.0000000e+00   1.1974585e+00   4.1896383e-01
   5.3400000e+00   1.0000000e+00   1.1681329e+00   3.7947214e-01
   5.3600000e+00   1.0000000e+00   1.1436950e+00   3.4584555e-01
   5.3800000e+00   1.0000000e+00   1.1143695e+00   3.1710655e-01
   5.4000000e+00   1.0000000e+00   1.0801564e+00   2.9423265e-01
   5.4200000e+00   1.0000000e+00   1.0508309e+00   2.7820137e-01
   5.4400000e+00   1.0000000e+00   1.0117302e+00   2.6803519e-01
   5.4600000e+00   1.0000000e+00   9.8729228e-01   2.6568915e-01
   5.4800000e+00   1.0000000e+00   9.5796676e-01   2.6823069e-01
   5.5000000e+00   1.0000000e+00   9.1886608e-01   2.7663734e-01
   5.5200000e+00   1.0000000e+00   8.8954057e-01   2.9286413e-01
   5.5400000e+00   1.0000000e+00   8.6510264e-01   3.1495601e-01
   5.5600000e+00   1.0000000e+00   8.2111437e-01   3.4193548e-01
   5.5800000e+00   1.0000000e+00   7.9667644e-01   3.7771261e-01
   5.6000000e+00   1.0000000e+00   7.5757576e-01   4.1837732e-01
   5.6200000e+00   1.0000000e+00   7.3802542e-01   4.6686217e-01
   5.6400000e+00   1.0000000e+00   7.0869990e-01   5.1925709e-01
   5.6600000e+00   1.0000000e+00   6.8914956e-01   5.7751711e-01
   5.6800000e+00   1.0000000e+00   6.7937439e-01   6.3968719e-01
   5.7000000e+00   1.0000000e+00   6.5493646e-01   7.0381232e-01
   5.7200000e+00   1.0000000e+00   6.3049853e-01   7.7282502e-01
   5.7400000e+00   1.0000000e+00   6.2561095e-01   8.4672532e-01
   5.7600000e+00   1.0000000e+00   6.2561095e-01   9.2160313e-01
   5.7800000e+00   1.0000000e+00   6.2561095e-01   9.9648094e-01
   5.8000000e+00   1.0000000e+00   6.3049853e-01   1.0713587e+00
   5.8200000e+00   1.0000000e+00   6.4027370e-01   1.1452590e+00
   5.8400000e+00   1.0000000e+00   6.4516129e-01   1.2172043e+00
   5.8600000e+00   1.0000000e+00   6.6959922e-01   1.2881720e+00
   5.8800000e+00   1.0000000e+00   6.8426197e-01   1.3542522e+00
   5.9000000e+00   1.0000000e+00   7.0869990e-01   1.4173998e+00
   5.9200000e+00   1.0000000e+00   7.3313783e-01   1.4756598e+00
   5.9400000e+00   1.0000000e+00   7.6246334e-01   1.5290323e+00
   5.9600000e+00   1.0000000e+00   7.8201369e-01   1.5765396e+00
   5.9800000e+00   1.0000000e+00   8.0645161e-01   1.6201369e+00
   6.0000000e+00   1.0000000e+00   8.3577713e-01   1.6588465e+00
   6.0200000e+00   1.0000000e+00   8.6999022e-01   1.6916911e+00
   6.0400000e+00   1.0000000e+00   8.8954057e-01   1.7176931e+00
   6.0600000e+00   1.0000000e+00   9.3352884e-01   1.7397849e+00
   6.0800000e+00   1.0000000e+00   9.6774194e-01   1.7530792e+00
   6.1000000e+00   1.0000000e+00   9.8729228e-01   1.7595308e+00
   6.1200000e+00   1.0000000e+00   1.0215054e+00   1.7620723e+00
   6.1400000e+00   1.0000000e+00   1.0410557e+00   1.7577713e+00
   6.1600000e+00   1.0000000e+00   1.0654936e+00   1.7495601e+00
   6.1800000e+00   1.0000000e+00   1.0850440e+00   1.7364614e+00
   6.2000000e+00   1.0000000e+00   1.1192571e+00   1.7194526e+00
   6.2200000e+00   1.0000000e+00   1.1241447e+00   1.6956012e+00
   6.2400000e+00   1.0000000e+00   1.1534702e+00   1.6707722e+00
   6.2600000e+00   1.0000000e+00   1.1730205e+00   1.6400782e+00
   6.2800000e+00   1.0000000e+00   1.1876833e+00   1.6054741e+00
   6.3000000e+00   1.0000000e+00   1.2072336e+00   1.5679374e+00
   6.3200000e+00   1.0000000e+00   1.2218964e+00   1.5264907e+00
   6.3400000e+00   1.0000000e+00   1.2365591e+00   1.4821114e+00
   6.3600000e+00   1.0000000e+00   1.2365591e+00   1.4347996e+00
   6.3800000e+00   1.0000000e+00   1.2463343e+00   1.3874878e+00
   6.4000000e+00   1.0000000e+00   1.2414467e+00   1.3382209e+00
   6.4200000e+00   1.0000000e+00   1.2512219e+00   1.2899316e+00
   6.4400000e+00   1.0000000e+00   1.2512219e+00   1.2396872e+00
   6.4600000e+00   1.0000000e+00   1.2414467e+00   1.1894428e+00
   6.4800000e+00   1.0000000e+00   1.2414467e+00   1.1411535e+00
   6.5000000e+00   1.0000000e+00   1.2414467e+00   1.0928641e+00
   6.5200000e+00   1.0000000e+00   1.2365591e+00   1.0445748e+00
   6.5400000e+00   1.0000000e+00   1.2316716e+00   9.9726295e-01
   6.5600000e+00   1.0000000e+00   1.2121212e+00   9.5092864e-01
   6.5800000e+00   1.0000000e+00   1.1974585e+00   9.0850440e-01
   6.6000000e+00   1.0000000e+00   1.1876833e+00   8.6901271e-01
   6.6200000e+00   1.0000000e+00   1.1730205e+00   8.3147605e-01
   6.6400000e+00   1.0000000e+00   1.1534702e+00   7.9687195e-01
   6.6600000e+00   1.0000000e+00   1.1339198e+00   7.6617791e-01
   6.6800000e+00   1.0000000e+00   1.1192571e+00   7.3939394e-01
   6.7000000e+00   1.0000000e+00   1.0899316e+00   7.1554252e-01
   6.7200000e+00   1.0000000e+00   1.0703812e+00   6.9755621e-01
   6.7400000e+00   1.0000000e+00   1.0508309e+00   6.8347996e-01
   6.7600000e+00   1.0000000e+00   1.0361681e+00   6.7331378e-01
   6.7800000e+00   1.0000000e+00   1.0068426e+00   6.6608016e-01
   6.8000000e+00   1.0000000e+00   9.8729228e-01   6.6471163e-01
   6.8200000e+00   1.0000000e+00   9.7262952e-01   6.6725318e-01
   6.8400000e+00   1.0000000e+00   9.4819159e-01   6.7272727e-01
   6.8600000e+00   1.0000000e+00   9.3352884e-01   6.8308895e-01
   6.8800000e+00   1.0000000e+00   9.1397849e-01   6.9638319e-01
   6.9000000e+00   1.0000000e+00   9.0420332e-01   7.1358749e-01
   6.9200000e+00   1.0000000e+00   8.8954057e-01   7.3274682e-01
   6.9400000e+00   1.0000000e+00   8.7976540e-01   7.5483871e-01
   6.9600000e+00   1.0000000e+00   8.6021505e-01   7.7888563e-01
   6.9800000e+00   1.0000000e+00   8.5532747e-01   8.0684262e-01
   7.0000000e+00   1.0000000e+00   8.4555230e-01   8.3577713e-01
   7.0200000e+00   1.0000000e+00   8.3088954e-01   8.6666667e-01
   7.0400000e+00   1.0000000e+00   8.3088954e-01   9.0048876e-01
   7.0600000e+00   1.0000000e+00   8.2111437e-01   9.3431085e-01
   7.0800000e+00   1.0000000e+00   8.2111437e-01   9.7008798e-01
   7.1000000e+00   1.0000000e+00   8.1133920e-01   1.0058651e+00
   7.1200000e+00   1.0000000e+00   8.1622678e-01   1.0435973e+00
   7.1400000e+00   1.0000000e+00   8.1133920e-01   1.0803519e+00
   7.1600000e+00   1.0000000e+00   8.2600196e-01   1.1180841e+00
   7.1800000e+00   1.0000000e+00   8.2111437e-01   1.1528837e+00
   7.2000000e+00   1.0000000e+00   8.3577713e-01   1.1886608e+00
   7.2200000e+00   1.0000000e+00   8.3577713e-01   1.2215054e+00
   7.2400000e+00   1.0000000e+00   8.5532747e-01   1.2543500e+00
   7.2600000e+00   1.0000000e+00   8.6021505e-01   1.2832845e+00
   7.2800000e+00   1.0000000e+00   8.7487781e-01   1.3112414e+00
   7.3000000e+00   1.0000000e+00   8.7976540e-01   1.3362659e+00
   7.3200000e+00   1.0000000e+00   8.9931574e-01   1.3603128e+00
   7.3400000e+00   1.0000000e+00   9.1886608e-01   1.3804497e+00
   7.3600000e+00   1.0000000e+00   9.3352884e-01   1.3966764e+00
   7.3800000e+00   1.0000000e+00   9.4819159e-01   1.4099707e+00
   7.4000000e+00   1.0000000e+00   9.5796676e-01   1.4203324e+00
   7.4200000e+00   1.0000000e+00   9.6774194e-01   1.4287390e+00
   7.4400000e+00   1.0000000e+00   9.8240469e-01   1.4351906e+00
   7.4600000e+00   1.0000000e+00   1.0068426e+00   1.4387097e+00
   7.4800000e+00   1.0000000e+00   1.0166178e+00   1.4373412e+00
   7.5000000e+00   1.0000000e+00   1.0361681e+00   1.4340176e+00
   7.5200000e+00   1.0000000e+00   1.0459433e+00   1.4267840e+00
   7.5400000e+00   1.0000000e+00   1.0606061e+00   1.4175953e+00
   7.5600000e+00   1.0000000e+00   1.0606061e+00   1.4054741e+00
   7.5800000e+00   1.0000000e+00   1.0801564e+00   1.3933529e+00
   7.6000000e+00   1.0000000e+00   1.0899316e+00   1.3773216e+00
   7.6200000e+00   1.0000000e+00   1.0948192e+00   1.3593353e+00
   7.6400000e+00   1.0000000e+00   1.0997067e+00   1.3403715e+00
   7.6600000e+00   1.0000000e+00   1.1094819e+00   1.3204301e+00
   7.6800000e+00   1.0000000e+00   1.1143695e+00   1.2985337e+00
   7.7000000e+00   1.0000000e+00   1.1143695e+00   1.2756598e+00
   7.7200000e+00   1.0000000e+00   1.1192571e+00   1.2527859e+00
   7.7400000e+00   1.0000000e+00   1.1192571e+00   1.2289345e+00
   7.7600000e+00   1.0000000e+00   1.1241447e+00   1.2050831e+00
   7.7800000e+00   1.0000000e+00   1.1241447e+00   1.1802542e+00
   7.8000000e+00   1.0000000e+00   1.1241447e+00   1.1554252e+00
   7.8200000e+00   1.0000000e+00   1.1192571e+00   1.1305963e+00
   7.8400000e+00   1.0000000e+00   1.1241447e+00   1.1067449e+00
   7.8600000e+00   1.0000000e+00   1.1192571e+00   1.0819159e+00
   7.8800000e+00   1.0000000e+00   1.1045943e+00   1.0580645e+00
   7.9000000e+00   1.0000000e+00   1.1045943e+00   1.0371457e+00
   7.9200000e+00   1.0000000e+00   1.1045943e+00   1.0162268e+00
   7.9400000e+00   1.0000000e+00   1.0948192e+00   9.9530792e-01
   7.9600000e+00   1.0000000e+00   1.0850440e+00   9.7634409e-01
   7.9800000e+00   1.0000000e+00   1.0850440e+00   9.5933529e-01
   8.0000000e+00   1.0000000e+00   1.0703812e+00   9.4232649e-01
   8.0200000e+00   1.0000000e+00   1.0703812e+00   9.2825024e-01
   8.0400000e+00   1.0000000e+00   1.0508309e+00   9.1417400e-01
   8.0600000e+00   1.0000000e+00   1.0508309e+00   9.0400782e-01
   8.0800000e+00   1.0000000e+00   1.0410557e+00   8.9384164e-01
   8.1000000e+00   1.0000000e+00   1.0263930e+00   8.8563050e-01
   8.1200000e+00   1.0000000e+00   1.0215054e+00   8.8035191e-01
   8.1400000e+00   1.0000000e+00   1.0068426e+00   8.7605083e-01
   8.1600000e+00   1.0000000e+00   9.9706745e-01   8.7468231e-01
   8.1800000e+00   1.0000000e+00   9.8729228e-01   8.7526882e-01
   8.2000000e+00   1.0000000e+00   9.7262952e-01   8.7781036e-01
   8.2200000e+00   1.0000000e+00   9.6285435e-01   8.8328446e-01
   8.2400000e+00   1.0000000e+00   9.5307918e-01   8.9071359e-01
   8.2600000e+00   1.0000000e+00   9.4819159e-01   9.0009775e-01
   8.2800000e+00   1.0000000e+00   9.3841642e-01   9.1045943e-01
   8.3000000e+00   1.0000000e+00   9.3352884e-01   9.2277615e-01
   8.3200000e+00   1.0000000e+00   9.2864125e-01   9.3607038e-01
   8.3400000e+00   1.0000000e+00   9.2864125e-01   9.5034213e-01
   8.3600000e+00   1.0000000e+00   9.0909091e-01   9.6461388e-01
   8.3800000e+00   1.0000000e+00   9.0909091e-01   9.8279570e-01
   8.4000000e+00   1.0000000e+00   9.0909091e-01   1.0009775e+00
   8.4200000e+00   1.0000000e+00   9.0420332e-01   1.0191593e+00
   8.4400000e+00   1.0000000e+00   8.9931574e-01   1.0383187e+00
   8.4600000e+00   1.0000000e+00   9.0420332e-01   1.0584555e+00
   8.4800000e+00   1.0000000e+00   9.0420332e-01   1.0776149e+00
   8.5000000e+00   1.0000000e+00   9.0909091e-01   1.0967742e+00
   8.5200000e+00   1.0000000e+00   9.0420332e-01   1.1149560e+00
   8.5400000e+00   1.0000000e+00   9.1397849e-01   1.1341153e+00
   8.5600000e+00   1.0000000e+00   9.2375367e-01   1.1513196e+00
   8.5800000e+00   1.0000000e+00   9.2375367e-01   1.1665689e+00
   8.6000000e+00   1.0000000e+00   9.2864125e-01   1.1818182e+00
   8.6200000e+00   1.0000000e+00   9.3841642e-01   1.1960899e+00
   8.6400000e+00   1.0000000e+00   9.4330401e-01   1.2084066e+00
   8.6600000e+00   1.0000000e+00   9.4330401e-01   1.2197458e+00
   8.6800000e+00   1.0000000e+00   9.5796676e-01   1.2310850e+00
   8.7000000e+00   1.0000000e+00   9.6774194e-01   1.2394917e+00
   8.7200000e+00   1.0000000e+00   9.5796676e-01   1.2459433e+00
   8.7400000e+00   1.0000000e+00   9.7262952e-01   1.2543500e+00
   8.7600000e+00   1.0000000e+00   9.8729228e-01   1.2598240e+00
   8.7800000e+00   1.0000000e+00   9.8729228e-01   1.2623656e+00
   8.8000000e+00   1.0000000e+00   9.9217986e-01   1.2649071e+00
   8.8200000e+00   1.0000000e+00   1.0019550e+00   1.2664712e+00
   8.8400000e+00   1.0000000e+00   1.0117302e+00   1.2660802e+00
   8.8600000e+00   1.0000000e+00   1.0166178e+00   1.2637341e+00
   8.8800000e+00   1.0000000e+00   1.0263930e+00   1.2604106e+00
   8.9000000e+00   1.0000000e+00   1.0263930e+00   1.2551320e+00
   8.9200000e+00   1.0000000e+00   1.0312805e+00   1.2498534e+00
   8.9400000e+00   1.0000000e+00   1.0459433e+00   1.2435973e+00
   8.9600000e+00   1.0000000e+00   1.0410557e+00   1.2344086e+00
   8.9800000e+00   1.0000000e+00   1.0508309e+00   1.2261975e+00
   9.0000000e+00   1.0000000e+00   1.0508309e+00   1.2160313e+00
   9.0200000e+00   1.0000000e+00   1.0557185e+00   1.2058651e+00
   9.0400000e+00   1.0000000e+00   1.0557185e+00   1.1947214e+00
   9.0600000e+00   1.0000000e+00   1.0654936e+00   1.1835777e+00
   9.0800000e+00   1.0000000e+00   1.0606061e+00   1.1704790e+00
   9.1000000e+00   1.0000000e+00   1.0606061e+00   1.1583578e+00
   9.1200000e+00   1.0000000e+00   1.0557185e+00   1.1462366e+00
   9.1400000e+00   1.0000000e+00   1.0557185e+00   1.1350929e+00
   9.1600000e+00   1.0000000e+00   1.0606061e+00   1.1239492e+00
   9.1800000e+00   1.0000000e+00   1.0606061e+00   1.1118280e+00
   9.2000000e+00   1.0000000e+00   1.0508309e+00   1.0997067e+00
   9.2200000e+00   1.0000000e+00   1.0508309e+00   1.0895406e+00
   9.2400000e+00   1.0000000e+00   1.0508309e+00   1.0793744e+00
   9.2600000e+00   1.0000000e+00   1.0410557e+00   1.0692082e+00
   9.2800000e+00   1.0000000e+00   1.0410557e+00   1.0609971e+00
   9.3000000e+00   1.0000000e+00   1.0410557e+00   1.0527859e+00
   9.3200000e+00   1.0000000e+00   1.0361681e+00   1.0445748e+00
   9.3400000e+00   1.0000000e+00   1.0263930e+00   1.0373412e+00
   9.3600000e+00   1.0000000e+00   1.0263930e+00   1.0320626e+00
   9.3800000e+00   1.0000000e+00   1.0215054e+00   1.0267840e+00
   9.4000000e+00   1.0000000e+00   1.0166178e+00   1.0224829e+00
   9.4200000e+00   1.0000000e+00   1.0166178e+00   1.0191593e+00
   9.4400000e+00   1.0000000e+00   1.0166178e+00   1.0158358e+00
   9.4600000e+00   1.0000000e+00   1.0117302e+00   1.0125122e+00
   9.4800000e+00   1.0000000e+00   1.0068426e+00   1.0101662e+00
   9.5000000e+00   1.0000000e+00   1.0019550e+00   1.0087977e+00
   9.5200000e+00   1.0000000e+00   9.9706745e-01   1.0084066e+00
   9.5400000e+00   1.0000000e+00   9.9217986e-01   1.0089932e+00
   9.5600000e+00   1.0000000e+00   9.9217986e-01   1.0105572e+00
   9.5800000e+00   1.0000000e+00   9.8729228e-01   1.0121212e+00
   9.6000000e+00   1.0000000e+00   9.8729228e-01   1.0146628e+00
   9.6200000e+00   1.0000000e+00   9.7751711e-01   1.0172043e+00
   9.6400000e+00   1.0000000e+00   9.6774194e-01   1.0217009e+00
   9.6600000e+00   1.0000000e+00   9.6774194e-01   1.0281525e+00
   9.6800000e+00   1.0000000e+00   9.6774194e-01   1.0346041e+00
   9.7000000e+00   1.0000000e+00   9.6285435e-01   1.0410557e+00
   9.7200000e+00   1.0000000e+00   9.5796676e-01   1.0484848e+00
   9.7400000e+00   1.0000000e+00   9.6285435e-01   1.0568915e+00
   9.7600000e+00   1.0000000e+00   9.5796676e-01   1.0643206e+00
   9.7800000e+00   1.0000000e+00   9.6285435e-01   1.0727273e+00
   9.8000000e+00   1.0000000e+00   9.6285435e-01   1.0801564e+00
   9.8200000e+00   1.0000000e+00   9.5796676e-01   1.0875855e+00
   9.8400000e+00   1.0000000e+00   9.6285435e-01   1.0959922e+00
   9.8600000e+00   1.0000000e+00   9.5796676e-01   1.1034213e+00
   9.8800000e+00   1.0000000e+00   9.5796676e-01   1.1118280e+00
   9.9000000e+00   1.0000000e+00   9.5307918e-01   1.1202346e+00
   9.9200000e+00   1.0000000e+00   9.6774194e-01   1.1296188e+00
   9.9400000e+00   1.0000000e+00   9.6774194e-01   1.1360704e+00
   9.9600000e+00   1.0000000e+00   9.7262952e-01   1.1425220e+00
   9.9800000e+00   1.0000000e+00   9.6774194e-01   1.1479961e+00
   1.0000000e+01   1.5000000e+00   9.7751711e-01   1.1544477e+00
   1.0020000e+01   1.5000000e+00   9.7262952e-01   1.2589443e+00
   1.0040000e+01   1.5000000e+00   9.7751711e-01   1.3644184e+00
   1.0060000e+01   1.5000000e+00   1.0166178e+00   1.4689150e+00
   1.0080000e+01   1.5000000e+00   1.0215054e+00   1.5655914e+00
   1.0100000e+01   1.5000000e+00   1.0263930e+00   1.6612903e+00
   1.0120000e+01   1.5000000e+00   1.0508309e+00   1.7560117e+00
   1.0140000e+01   1.5000000e+00   1.0606061e+00   1.8458456e+00
   1.0160000e+01   1.5000000e+00   1.0703812e+00   1.9337243e+00
   1.0180000e+01   1.5000000e+00   1.0899316e+00   2.0196481e+00
   1.0200000e+01   1.5000000e+00   1.1143695e+00   2.1016618e+00
   1.0220000e+01   1.5000000e+00   1.1436950e+00   2.1787879e+00
   1.0240000e+01   1.5000000e+00   1.1827957e+00   2.2500489e+00
   1.0260000e+01   1.5000000e+00   1.2121212e+00   2.3134897e+00
   1.0280000e+01   1.5000000e+00   1.2512219e+00   2.3710655e+00
   1.0300000e+01   1.5000000e+00   1.2854350e+00   2.4208211e+00
   1.0320000e+01   1.5000000e+00   1.3294233e+00   2.4637341e+00
   1.0340000e+01   1.5000000e+00   1.3685239e+00   2.4978495e+00
   1.0360000e+01   1.5000000e+00   1.4076246e+00   2.5241447e+00
   1.0380000e+01   1.5000000e+00   1.4467253e+00   2.5426197e+00
   1.0400000e+01   1.5000000e+00   1.4711632e+00   2.5532747e+00
   1.0420000e+01   1.5000000e+00   1.4956012e+00   2.5590420e+00
   1.0440000e+01   1.5000000e+00   1.5151515e+00   2.5599218e+00
   1.0460000e+01   1.5000000e+00   1.5395894e+00   2.5568915e+00
   1.0480000e+01   1.5000000e+00   1.5640274e+00   2.5489736e+00
   1.0500000e+01   1.5000000e+00   1.5786901e+00   2.5361681e+00
   1.0520000e+01   1.5000000e+00   1.6129032e+00   2.5204301e+00
   1.0540000e+01   1.5000000e+00   1.6226784e+00   2.4978495e+00
   1.0560000e+01   1.5000000e+00   1.6617791e+00   2.4733138e+00
   1.0580000e+01   1.5000000e+00   1.6764418e+00   2.4409580e+00
   1.0600000e+01   1.5000000e+00   1.6959922e+00   2.4056696e+00
   1.0620000e+01   1.5000000e+00   1.7155425e+00   2.3664712e+00
   1.0640000e+01   1.5000000e+00   1.7302053e+00   2.3233627e+00
   1.0660000e+01   1.5000000e+00   1.7399804e+00   2.2773216e+00
   1.0680000e+01   1.5000000e+00   1.7399804e+00   2.2293255e+00
   1.0700000e+01   1.5000000e+00   1.7350929e+00   2.1813294e+00
   1.0720000e+01   1.5000000e+00   1.7497556e+00   2.1343109e+00
   1.0740000e+01   1.5000000e+00   1.7448680e+00   2.0843597e+00
   1.0760000e+01   1.5000000e+00   1.7497556e+00   2.0353861e+00
   1.0780000e+01   1.5000000e+00   1.7546432e+00   1.9854350e+00
   1.0800000e+01   1.5000000e+00   1.7448680e+00   1.9345064e+00
   1.0820000e+01   1.5000000e+00   1.7497556e+00   1.8855327e+00
   1.0840000e+01   1.5000000e+00   1.7302053e+00   1.8355816e+00
   1.0860000e+01   1.5000000e+00   1.7302053e+00   1.7895406e+00
   1.0880000e+01   1.5000000e+00   1.7302053e+00   1.7434995e+00
   1.0900000e+01   1.5000000e+00   1.7155425e+00   1.6974585e+00
   1.0920000e+01   1.5000000e+00   1.7106549e+00   1.6543500e+00
   1.0940000e+01   1.5000000e+00   1.7106549e+00   1.6122190e+00
   1.0960000e+01   1.5000000e+00   1.6959922e+00   1.5700880e+00
   1.0980000e+01   1.5000000e+00   1.6862170e+00   1.5308895e+00
   1.1000000e+01   1.5000000e+00   1.6764418e+00   1.4936461e+00
   1.1020000e+01   1.5000000e+00   1.6617791e+00   1.4583578e+00
   1.1040000e+01   1.5000000e+00   1.6520039e+00   1.4260020e+00
   1.1060000e+01   1.5000000e+00   1.6275660e+00   1.3956012e+00
   1.1080000e+01   1.5000000e+00   1.6129032e+00   1.3700880e+00
   1.1100000e+01   1.5000000e+00   1.6031281e+00   1.3475073e+00
   1.1120000e+01   1.5000000e+00   1.5982405e+00   1.3268817e+00
   1.1140000e+01   1.5000000e+00   1.5933529e+00   1.3072336e+00
   1.1160000e+01   1.5000000e+00   1.5689150e+00   1.2885630e+00
   1.1180000e+01   1.5000000e+00   1.5591398e+00   1.2747801e+00
   1.1200000e+01   1.5000000e+00   1.5444770e+00   1.2629521e+00
   1.1220000e+01   1.5000000e+00   1.5249267e+00   1.2540567e+00
   1.1240000e+01   1.5000000e+00   1.5053763e+00   1.2490714e+00
   1.1260000e+01   1.5000000e+00   1.5004888e+00   1.2479961e+00
   1.1280000e+01   1.5000000e+00   1.4858260e+00   1.2478983e+00
   1.1300000e+01   1.5000000e+00   1.4711632e+00   1.2507331e+00
   1.1320000e+01   1.5000000e+00   1.4467253e+00   1.2565005e+00
   1.1340000e+01   1.5000000e+00   1.4418377e+00   1.2671554e+00
   1.1360000e+01   1.5000000e+00   1.4271750e+00   1.2787879e+00
   1.1380000e+01   1.5000000e+00   1.4125122e+00   1.2933529e+00
   1.1400000e+01   1.5000000e+00   1.4027370e+00   1.3108504e+00
   1.1420000e+01   1.5000000e+00   1.3880743e+00   1.3303030e+00
   1.1440000e+01   1.5000000e+00   1.3831867e+00   1.3526882e+00
   1.1460000e+01   1.5000000e+00   1.3782991e+00   1.3760508e+00
   1.1480000e+01   1.5000000e+00   1.3734115e+00   1.4003910e+00
   1.1500000e+01   1.5000000e+00   1.3685239e+00   1.4257087e+00
   1.1520000e+01   1.5000000e+00   1.3587488e+00   1.4520039e+00
   1.1540000e+01   1.5000000e+00   1.3489736e+00   1.4802542e+00
   1.1560000e+01   1.5000000e+00   1.3440860e+00   1.5104594e+00
   1.1580000e+01   1.5000000e+00   1.3538612e+00   1.5416422e+00
   1.1600000e+01   1.5000000e+00   1.3636364e+00   1.5708700e+00
   1.1620000e+01   1.5000000e+00   1.3782991e+00   1.5981427e+00
   1.1640000e+01   1.5000000e+00   1.3831867e+00   1.6224829e+00
   1.1660000e+01   1.5000000e+00   1.3880743e+00   1.6458456e+00
   1.1680000e+01   1.5000000e+00   1.3880743e+00   1.6682307e+00
   1.1700000e+01   1.5000000e+00   1.3831867e+00   1.6906158e+00
   1.1720000e+01   1.5000000e+00   1.4027370e+00   1.7139785e+00
   1.1740000e+01   1.5000000e+00   1.4076246e+00   1.7334311e+00
   1.1760000e+01   1.5000000e+00   1.4076246e+00   1.7519062e+00
   1.1780000e+01   1.5000000e+00   1.4173998e+00   1.7703812e+00
   1.1800000e+01   1.5000000e+00   1.4320626e+00   1.7869013e+00
   1.1820000e+01   1.5000000e+00   1.4271750e+00   1.8004888e+00
   1.1840000e+01   1.5000000e+00   1.4467253e+00   1.8150538e+00
   1.1860000e+01   1.5000000e+00   1.4516129e+00   1.8257087e+00
   1.1880000e+01   1.5000000e+00   1.4565005e+00   1.8353861e+00
   1.1900000e+01   1.5000000e+00   1.4662757e+00   1.8440860e+00
   1.1920000e+01   1.5000000e+00   1.4760508e+00   1.8508309e+00
   1.1940000e+01   1.5000000e+00   1.4858260e+00   1.8556207e+00
   1.1960000e+01   1.5000000e+00   1.4809384e+00   1.8584555e+00
   1.1980000e+01   1.5000000e+00   1.4809384e+00   1.8622678e+00
   1.2000000e+01   1.5000000e+00   1.4907136e+00   1.8660802e+00
   1.2020000e+01   1.5000000e+00   1.5004888e+00   1.8679374e+00
   1.2040000e+01   1.5000000e+00   1.4956012e+00   1.8678397e+00
   1.2060000e+01   1.5000000e+00   1.5053763e+00   1.8687195e+00
   1.2080000e+01   1.5000000e+00   1.5102639e+00   1.8676442e+00
   1.2100000e+01   1.5000000e+00   1.5053763e+00   1.8655914e+00
   1.2120000e+01   1.5000000e+00   1.5200391e+00   1.8645161e+00
   1.2140000e+01   1.5000000e+00   1.5151515e+00   1.8605083e+00
   1.2160000e+01   1.5000000e+00   1.5200391e+00   1.8574780e+00
   1.2180000e+01   1.5000000e+00   1.5249267e+00   1.8534702e+00
   1.2200000e+01   1.5000000e+00   1.5298143e+00   1.8484848e+00
   1.2220000e+01   1.5000000e+00   1.5298143e+00   1.8425220e+00
   1.2240000e+01   1.5000000e+00   1.5347019e+00   1.8365591e+00
   1.2260000e+01   1.5000000e+00   1.5395894e+00   1.8296188e+00
   1.2280000e+01   1.5000000e+00   1.5444770e+00   1.8217009e+00
   1.2300000e+01   1.5000000e+00   1.5493646e+00   1.8128055e+00
   1.2320000e+01   1.5000000e+00   1.5444770e+00   1.8029326e+00
   1.2340000e+01   1.5000000e+00   1.5493646e+00   1.7940371e+00
   1.2360000e+01   1.5000000e+00   1.5591398e+00   1.7841642e+00
   1.2380000e+01   1.5000000e+00   1.5493646e+00   1.7723363e+00
   1.2400000e+01   1.5000000e+00   1.5493646e+00   1.7624633e+00
   1.2420000e+01   1.5000000e+00   1.5542522e+00   1.7525904e+00
   1.2440000e+01   1.5000000e+00   1.5493646e+00   1.7417400e+00
   1.2460000e+01   1.5000000e+00   1.5444770e+00   1.7318671e+00
   1.2480000e+01   1.5000000e+00   1.5444770e+00   1.7229717e+00
   1.2500000e+01   1.5000000e+00   1.5444770e+00   1.7140762e+00
   1.2520000e+01   1.5000000e+00   1.5444770e+00   1.7051808e+00
   1.2540000e+01   1.5000000e+00   1.5444770e+00   1.6962854e+00
   1.2560000e+01   1.5000000e+00   1.5444770e+00   1.6873900e+00
   1.2580000e+01   1.5000000e+00   1.5444770e+00   1.6784946e+00
   1.2600000e+01   1.5000000e+00   1.5395894e+00   1.6695992e+00
   1.2620000e+01   1.5000000e+00   1.5298143e+00   1.6616813e+00
   1.2640000e+01   1.5000000e+00   1.5298143e+00   1.6557185e+00
   1.2660000e+01   1.5000000e+00   1.5200391e+00   1.6497556e+00
   1.2680000e+01   1.5000000e+00   1.5200391e+00   1.6457478e+00
   1.2700000e+01   1.5000000e+00   1.5200391e+00   1.6417400e+00
   1.2720000e+01   1.5000000e+00   1.5102639e+00   1.6377322e+00
   1.2740000e+01   1.5000000e+00   1.5102639e+00   1.6356794e+00
   1.2760000e+01   1.5000000e+00   1.5053763e+00   1.6336266e+00
   1.2780000e+01   1.5000000e+00   1.5151515e+00   1.6325513e+00
   1.2800000e+01   1.5000000e+00   1.5102639e+00   1.6295210e+00
   1.2820000e+01   1.5000000e+00   1.5102639e+00   1.6274682e+00
   1.2840000e+01   1.5000000e+00   1.5102639e+00   1.6254154e+00
   1.2860000e+01   1.5000000e+00   1.5053763e+00   1.6233627e+00
   1.2880000e+01   1.5000000e+00   1.4956012e+00   1.6222874e+00
   1.2900000e+01   1.5000000e+00   1.5053763e+00   1.6231672e+00
   1.2920000e+01   1.5000000e+00   1.5004888e+00   1.6220919e+00
   1.2940000e+01   1.5000000e+00   1.4956012e+00   1.6219941e+00
   1.2960000e+01   1.5000000e+00   1.4858260e+00   1.6228739e+00
   1.2980000e+01   1.5000000e+00   1.4809384e+00   1.6257087e+00
   1.3000000e+01   1.5000000e+00   1.4907136e+00   1.6295210e+00
   1.3020000e+01   1.5000000e+00   1.4809384e+00   1.6313783e+00
   1.3040000e+01   1.5000000e+00   1.4809384e+00   1.6351906e+00
   1.3060000e+01   1.5000000e+00   1.4760508e+00   1.6390029e+00
   1.3080000e+01   1.5000000e+00   1.4760508e+00   1.6437928e+00
   1.3100000e+01   1.5000000e+00   1.4760508e+00   1.6485826e+00
   1.3120000e+01   1.5000000e+00   1.4760508e+00   1.6533724e+00
   1.3140000e+01   1.5000000e+00   1.4662757e+00   1.6581623e+00
   1.3160000e+01   1.5000000e+00   1.4711632e+00   1.6649071e+00
   1.3180000e+01   1.5000000e+00   1.4662757e+00   1.6706745e+00
   1.3200000e+01   1.5000000e+00   1.4662757e+00   1.6774194e+00
   1.3220000e+01   1.5000000e+00   1.4662757e+00   1.6841642e+00
   1.3240000e+01   1.5000000e+00   1.4662757e+00   1.6909091e+00
   1.3260000e+01   1.5000000e+00   1.4760508e+00   1.6976540e+00
   1.3280000e+01   1.5000000e+00   1.4760508e+00   1.7024438e+00
   1.3300000e+01   1.5000000e+00   1.4809384e+00   1.7072336e+00
   1.3320000e+01   1.5000000e+00   1.4760508e+00   1.7110459e+00
   1.3340000e+01   1.5000000e+00   1.4809384e+00   1.7158358e+00
   1.3360000e+01   1.5000000e+00   1.4809384e+00   1.7196481e+00
   1.3380000e+01   1.5000000e+00   1.4858260e+00   1.7234604e+00
   1.3400000e+01   1.5000000e+00   1.4809384e+00   1.7262952e+00
   1.3420000e+01   1.5000000e+00   1.4907136e+00   1.7301075e+00
   1.3440000e+01   1.5000000e+00   1.4907136e+00   1.7319648e+00
   1.3460000e+01   1.5000000e+00   1.4809384e+00   1.7338221e+00
   1.3480000e+01   1.5000000e+00   1.4907136e+00   1.7376344e+00
   1.3500000e+01   1.5000000e+00   1.4907136e+00   1.7394917e+00
   1.3520000e+01   1.5000000e+00   1.4907136e+00   1.7413490e+00
   1.3540000e+01   1.5000000e+00   1.4907136e+00   1.7432063e+00
   1.3560000e+01   1.5000000e+00   1.4907136e+00   1.7450635e+00
   1.3580000e+01   1.5000000e+00   1.4907136e+00   1.7469208e+00
   1.3600000e+01   1.5000000e+00   1.5102639e+00   1.7487781e+00
   1.3620000e+01   1.5000000e+00   1.5053763e+00   1.7467253e+00
   1.3640000e+01   1.5000000e+00   1.5004888e+00   1.7456500e+00
   1.3660000e+01   1.5000000e+00   1.5004888e+00   1.7455523e+00
   1.3680000e+01   1.5000000e+00   1.5053763e+00   1.7454545e+00
   1.3700000e+01   1.5000000e+00   1.5004888e+00   1.7443793e+00
   1.3720000e+01   1.5000000e+00   1.5004888e+00   1.7442815e+00
   1.3740000e+01   1.5000000e+00   1.5151515e+00   1.7441838e+00
   1.3760000e+01   1.5000000e+00   1.5053763e+00   1.7411535e+00
   1.3780000e+01   1.5000000e+00   1.5200391e+00   1.7400782e+00
   1.3800000e+01   1.5000000e+00   1.5200391e+00   1.7360704e+00
   1.3820000e+01   1.5000000e+00   1.5151515e+00   1.7320626e+00
   1.3840000e+01   1.5000000e+00   1.5249267e+00   1.7290323e+00
   1.3860000e+01   1.5000000e+00   1.5249267e+00   1.7240469e+00
   1.3880000e+01   1.5000000e+00   1.5200391e+00   1.7190616e+00
   1.3900000e+01   1.5000000e+00   1.5298143e+00   1.7150538e+00
   1.3920000e+01   1.5000000e+00   1.5249267e+00   1.7090909e+00
   1.3940000e+01   1.5000000e+00   1.5298143e+00   1.7041056e+00
   1.3960000e+01   1.5000000e+00   1.5298143e+00   1.6981427e+00
   1.3980000e+01   1.5000000e+00   1.5298143e+00   1.6921799e+00
   1.4000000e+01   1.5000000e+00   1.5298143e+00   1.6862170e+00
   1.4020000e+01   1.5000000e+00   1.5298143e+00   1.6802542e+00
   1.4040000e+01   1.5000000e+00   1.5200391e+00   1.6742913e+00
   1.4060000e+01   1.5000000e+00   1.5249267e+00   1.6702835e+00
   1.4080000e+01   1.5000000e+00   1.5200391e+00   1.6652981e+00
   1.4100000e+01   1.5000000e+00   1.5151515e+00   1.6612903e+00
   1.4120000e+01   1.5000000e+00   1.5200391e+00   1.6582600e+00
   1.4140000e+01   1.5000000e+00   1.5200391e+00   1.6542522e+00
   1.4160000e+01   1.5000000e+00   1.5200391e+00   1.6502444e+00
   1.4180000e+01   1.5000000e+00   1.5200391e+00   1.6462366e+00
   1.4200000e+01   1.5000000e+00   1.5200391e+00   1.6422287e+00
   1.4220000e+01   1.5000000e+00   1.5200391e+00   1.6382209e+00
   1.4240000e+01   1.5000000e+00   1.5102639e+00   1.6342131e+00
   1.4260000e+01   1.5000000e+00   1.5200391e+00   1.6321603e+00
   1.4280000e+01   1.5000000e+00   1.5053763e+00   1.6281525e+00
   1.4300000e+01   1.5000000e+00   1.5053763e+00   1.6270772e+00
   1.4320000e+01   1.5000000e+00   1.5004888e+00   1.6260020e+00
   1.4340000e+01   1.5000000e+00   1.5004888e+00   1.6259042e+00
   1.4360000e+01   1.5000000e+00   1.5053763e+00   1.6258065e+00
   1.4380000e+01   1.5000000e+00   1.5004888e+00   1.6247312e+00
   1.4400000e+01   1.5000000e+00   1.5053763e+00   1.6246334e+00
   1.4420000e+01   1.5000000e+00   1.4956012e+00   1.6235582e+00
   1.4440000e+01   1.5000000e+00   1.5004888e+00   1.6244379e+00
   1.4460000e+01   1.5000000e+00   1.4956012e+00   1.6243402e+00
   1.4480000e+01   1.5000000e+00   1.4907136e+00   1.6252199e+00
   1.4500000e+01   1.5000000e+00   1.4956012e+00   1.6270772e+00
   1.4520000e+01   1.5000000e+00   1.4956012e+00   1.6279570e+00
   1.4540000e+01   1.5000000e+00   1.4907136e+00   1.6288368e+00
   1.4560000e+01   1.5000000e+00   1.4956012e+00   1.6306940e+00
   1.4580000e+01   1.5000000e+00   1.4858260e+00   1.6315738e+00
   1.4600000e+01   1.5000000e+00   1.4858260e+00   1.6344086e+00
   1.4620000e+01   1.5000000e+00   1.4858260e+00   1.6372434e+00
   1.4640000e+01   1.5000000e+00   1.4858260e+00   1.6400782e+00
   1.4660000e+01   1.5000000e+00   1.4858260e+00   1.6429130e+00
   1.4680000e+01   1.5000000e+00   1.4809384e+00   1.6457478e+00
   1.4700000e+01   1.5000000e+00   1.4760508e+00   1.6495601e+00
   1.4720000e+01   1.5000000e+00   1.4760508e+00   1.6543500e+00
   1.4740000e+01   1.5000000e+00   1.4760508e+00   1.6591398e+00
   1.4760000e+01   1.5000000e+00   1.4809384e+00   1.6639296e+00
   1.4780000e+01   1.5000000e+00   1.4760508e+00   1.6677419e+00
   1.4800000e+01   1.5000000e+00   1.4760508e+00   1.6725318e+00
   1.4820000e+01   1.5000000e+00   1.4858260e+00   1.6773216e+00
   1.4840000e+01   1.5000000e+00   1.4809384e+00   1.6801564e+00
   1.4860000e+01   1.5000000e+00   1.4760508e+00   1.6839687e+00
   1.4880000e+01   1.5000000e+00   1.4858260e+00   1.6887586e+00
   1.4900000e+01   1.5000000e+00   1.4858260e+00   1.6915934e+00
   1.4920000e+01   1.5000000e+00   1.4809384e+00   1.6944282e+00
   1.4940000e+01   1.5000000e+00   1.4760508e+00   1.6982405e+00
   1.4960000e+01   1.5000000e+00   1.4809384e+00   1.7030303e+00
   1.4980000e+01   1.5000000e+00   1.4809384e+00   1.7068426e+00
   1.5000000e+01   1.0000000e+00   1.4858260e+00   1.7106549e+00
   1.5020000e+01   1.0000000e+00   1.4809384e+00   1.6134897e+00
   1.5040000e+01   1.0000000e+00   1.4760508e+00   1.5173021e+00
   1.5060000e+01   1.0000000e+00   1.4809384e+00   1.4220919e+00
   1.5080000e+01   1.0000000e+00   1.4760508e+00   1.3259042e+00
   1.5100000e+01   1.0000000e+00   1.4662757e+00   1.2306940e+00
   1.5120000e+01   1.0000000e+00   1.4565005e+00   1.1374389e+00
   1.5140000e+01   1.0000000e+00   1.4467253e+00   1.0461388e+00
   1.5160000e+01   1.0000000e+00   1.4271750e+00   9.5679374e-01
   1.5180000e+01   1.0000000e+00   1.4076246e+00   8.7135875e-01
   1.5200000e+01   1.0000000e+00   1.3880743e+00   7.8983382e-01
   1.5220000e+01   1.0000000e+00   1.3636364e+00   7.1221896e-01
   1.5240000e+01   1.0000000e+00   1.3440860e+00   6.3949169e-01
   1.5260000e+01   1.0000000e+00   1.3196481e+00   5.7067449e-01
   1.5280000e+01   1.0000000e+00   1.2854350e+00   5.0674487e-01
   1.5300000e+01   1.0000000e+00   1.2512219e+00   4.4965787e-01
   1.5320000e+01   1.0000000e+00   1.2267840e+00   3.9941349e-01
   1.5340000e+01   1.0000000e+00   1.1876833e+00   3.5405670e-01
   1.5360000e+01   1.0000000e+00   1.1583578e+00   3.1652004e-01
   1.5380000e+01   1.0000000e+00   1.0899316e+00   2.8484848e-01
   1.5400000e+01   1.0000000e+00   1.0703812e+00   2.6686217e-01
   1.5420000e+01   1.0000000e+00   1.0459433e+00   2.5278592e-01
   1.5440000e+01   1.0000000e+00   1.0019550e+00   2.4359726e-01
   1.5460000e+01   1.0000000e+00   9.8240469e-01   2.4320626e-01
   1.5480000e+01   1.0000000e+00   9.4330401e-01   2.4672532e-01
   1.5500000e+01   1.0000000e+00   9.0420332e-01   2.5806452e-01
   1.5520000e+01   1.0000000e+00   8.6999022e-01   2.7722385e-01
   1.5540000e+01   1.0000000e+00   8.4066471e-01   3.0322581e-01
   1.5560000e+01   1.0000000e+00   8.1133920e-01   3.3509286e-01
   1.5580000e+01   1.0000000e+00   7.7712610e-01   3.7282502e-01
   1.5600000e+01   1.0000000e+00   7.4780059e-01   4.1739980e-01
   1.5620000e+01   1.0000000e+00   7.2336266e-01   4.6783969e-01
   1.5640000e+01   1.0000000e+00   6.6959922e-01   5.2316716e-01
   1.5660000e+01   1.0000000e+00   6.4516129e-01   5.8924731e-01
   1.5680000e+01   1.0000000e+00   6.3538612e-01   6.6021505e-01
   1.5700000e+01   1.0000000e+00   6.2072336e-01   7.3313783e-01
   1.5720000e+01   1.0000000e+00   6.0606061e-01   8.0899316e-01
   1.5740000e+01   1.0000000e+00   6.0117302e-01   8.8778104e-01
   1.5760000e+01   1.0000000e+00   6.0117302e-01   9.6754643e-01
   1.5780000e+01   1.0000000e+00   5.9628543e-01   1.0473118e+00
   1.5800000e+01   1.0000000e+00   6.1094819e-01   1.1280547e+00
   1.5820000e+01   1.0000000e+00   6.2072336e-01   1.2058651e+00
   1.5840000e+01   1.0000000e+00   6.3538612e-01   1.2817204e+00
   1.5860000e+01   1.0000000e+00   6.5493646e-01   1.3546432e+00
   1.5880000e+01   1.0000000e+00   6.6959922e-01   1.4236559e+00
   1.5900000e+01   1.0000000e+00   6.9403715e-01   1.4897361e+00
   1.5920000e+01   1.0000000e+00   7.2825024e-01   1.5509286e+00
   1.5940000e+01   1.0000000e+00   7.5757576e-01   1.6052786e+00
   1.5960000e+01   1.0000000e+00   7.7712610e-01   1.6537634e+00
   1.5980000e+01   1.0000000e+00   8.0156403e-01   1.6983382e+00
   1.6000000e+01   1.0000000e+00   8.3577713e-01   1.7380254e+00
   1.6020000e+01   1.0000000e+00   8.5532747e-01   1.7708700e+00
   1.6040000e+01   1.0000000e+00   8.7976540e-01   1.7998045e+00
   1.6060000e+01   1.0000000e+00   9.0909091e-01   1.8238514e+00
   1.6080000e+01   1.0000000e+00   9.4330401e-01   1.8420332e+00
   1.6100000e+01   1.0000000e+00   9.7262952e-01   1.8533724e+00
   1.6120000e+01   1.0000000e+00   9.9706745e-01   1.8588465e+00
   1.6140000e+01   1.0000000e+00   1.0312805e+00   1.8594330e+00
   1.6160000e+01   1.0000000e+00   1.0557185e+00   1.8531769e+00
   1.6180000e+01   1.0000000e+00   1.0899316e+00   1.8420332e+00
   1.6200000e+01   1.0000000e+00   1.1192571e+00   1.8240469e+00
   1.6220000e+01   1.0000000e+00   1.1388074e+00   1.8001955e+00
   1.6240000e+01   1.0000000e+00   1.1583578e+00   1.7724340e+00
   1.6260000e+01   1.0000000e+00   1.1779081e+00   1.7407625e+00
   1.6280000e+01   1.0000000e+00   1.2023460e+00   1.7051808e+00
   1.6300000e+01   1.0000000e+00   1.2218964e+00   1.6647116e+00
   1.6320000e+01   1.0000000e+00   1.2365591e+00   1.6203324e+00
   1.6340000e+01   1.0000000e+00   1.2512219e+00   1.5730205e+00
   1.6360000e+01   1.0000000e+00   1.2609971e+00   1.5227761e+00
   1.6380000e+01   1.0000000e+00   1.2658847e+00   1.4705767e+00
   1.6400000e+01   1.0000000e+00   1.2707722e+00   1.4173998e+00
   1.6420000e+01   1.0000000e+00   1.2756598e+00   1.3632454e+00
   1.6440000e+01   1.0000000e+00   1.2756598e+00   1.3081134e+00
   1.6460000e+01   1.0000000e+00   1.2805474e+00   1.2529814e+00
   1.6480000e+01   1.0000000e+00   1.2658847e+00   1.1968719e+00
   1.6500000e+01   1.0000000e+00   1.2658847e+00   1.1436950e+00
   1.6520000e+01   1.0000000e+00   1.2512219e+00   1.0905181e+00
   1.6540000e+01   1.0000000e+00   1.2512219e+00   1.0402737e+00
   1.6560000e+01   1.0000000e+00   1.2414467e+00   9.9002933e-01
   1.6580000e+01   1.0000000e+00   1.2218964e+00   9.4173998e-01
   1.6600000e+01   1.0000000e+00   1.2170088e+00   8.9736070e-01
   1.6620000e+01   1.0000000e+00   1.1974585e+00   8.5395894e-01
   1.6640000e+01   1.0000000e+00   1.1827957e+00   8.1446725e-01
   1.6660000e+01   1.0000000e+00   1.1632454e+00   7.7790811e-01
   1.6680000e+01   1.0000000e+00   1.1388074e+00   7.4525904e-01
   1.6700000e+01   1.0000000e+00   1.1290323e+00   7.1749756e-01
   1.6720000e+01   1.0000000e+00   1.1045943e+00   6.9169110e-01
   1.6740000e+01   1.0000000e+00   1.0850440e+00   6.7077224e-01
   1.6760000e+01   1.0000000e+00   1.0557185e+00   6.5376344e-01
   1.6780000e+01   1.0000000e+00   1.0361681e+00   6.4261975e-01
   1.6800000e+01   1.0000000e+00   1.0166178e+00   6.3538612e-01
   1.6820000e+01   1.0000000e+00   9.9706745e-01   6.3206256e-01
   1.6840000e+01   1.0000000e+00   9.7751711e-01   6.3264907e-01
   1.6860000e+01   1.0000000e+00   9.5307918e-01   6.3714565e-01
   1.6880000e+01   1.0000000e+00   9.2864125e-01   6.4652981e-01
   1.6900000e+01   1.0000000e+00   9.0420332e-01   6.6080156e-01
   1.6920000e+01   1.0000000e+00   8.9931574e-01   6.7996090e-01
   1.6940000e+01   1.0000000e+00   8.6999022e-01   7.0009775e-01
   1.6960000e+01   1.0000000e+00   8.5532747e-01   7.2609971e-01
   1.6980000e+01   1.0000000e+00   8.3577713e-01   7.5503421e-01
   1.7000000e+01   1.0000000e+00   8.2600196e-01   7.8787879e-01
   1.7020000e+01   1.0000000e+00   8.1622678e-01   8.2267840e-01
   1.7040000e+01   1.0000000e+00   8.0645161e-01   8.5943304e-01
   1.7060000e+01   1.0000000e+00   7.9178886e-01   8.9814272e-01
   1.7080000e+01   1.0000000e+00   7.9178886e-01   9.3978495e-01
   1.7100000e+01   1.0000000e+00   7.8201369e-01   9.8142717e-01
   1.7120000e+01   1.0000000e+00   7.8201369e-01   1.0250244e+00
   1.7140000e+01   1.0000000e+00   7.8690127e-01   1.0686217e+00
   1.7160000e+01   1.0000000e+00   7.8201369e-01   1.1112414e+00
   1.7180000e+01   1.0000000e+00   7.9178886e-01   1.1548387e+00
   1.7200000e+01   1.0000000e+00   8.0645161e-01   1.1964809e+00
   1.7220000e+01   1.0000000e+00   8.1133920e-01   1.2351906e+00
   1.7240000e+01   1.0000000e+00   8.2600196e-01   1.2729228e+00
   1.7260000e+01   1.0000000e+00   8.3577713e-01   1.3077224e+00
   1.7280000e+01   1.0000000e+00   8.4066471e-01   1.3405670e+00
   1.7300000e+01   1.0000000e+00   8.6510264e-01   1.3724340e+00
   1.7320000e+01   1.0000000e+00   8.7487781e-01   1.3994135e+00
   1.7340000e+01   1.0000000e+00   8.9442815e-01   1.4244379e+00
   1.7360000e+01   1.0000000e+00   9.1397849e-01   1.4455523e+00
   1.7380000e+01   1.0000000e+00   9.2375367e-01   1.4627566e+00
   1.7400000e+01   1.0000000e+00   9.3841642e-01   1.4780059e+00
   1.7420000e+01   1.0000000e+00   9.6285435e-01   1.4903226e+00
   1.7440000e+01   1.0000000e+00   9.7751711e-01   1.4977517e+00
   1.7460000e+01   1.0000000e+00   9.9217986e-01   1.5022483e+00
   1.7480000e+01   1.0000000e+00   1.0117302e+00   1.5038123e+00
   1.7500000e+01   1.0000000e+00   1.0312805e+00   1.5014663e+00
   1.7520000e+01   1.0000000e+00   1.0459433e+00   1.4952102e+00
   1.7540000e+01   1.0000000e+00   1.0606061e+00   1.4860215e+00
   1.7560000e+01   1.0000000e+00   1.0752688e+00   1.4739003e+00
   1.7580000e+01   1.0000000e+00   1.0850440e+00   1.4588465e+00
   1.7600000e+01   1.0000000e+00   1.0997067e+00   1.4418377e+00
   1.7620000e+01   1.0000000e+00   1.1045943e+00   1.4218964e+00
   1.7640000e+01   1.0000000e+00   1.1192571e+00   1.4009775e+00
   1.7660000e+01   1.0000000e+00   1.1241447e+00   1.3771261e+00
   1.7680000e+01   1.0000000e+00   1.1290323e+00   1.3522972e+00
   1.7700000e+01   1.0000000e+00   1.1339198e+00   1.3264907e+00
   1.7720000e+01   1.0000000e+00   1.1436950e+00   1.2997067e+00
   1.7740000e+01   1.0000000e+00   1.1485826e+00   1.2709677e+00
   1.7760000e+01   1.0000000e+00   1.1485826e+00   1.2412512e+00
   1.7780000e+01   1.0000000e+00   1.1388074e+00   1.2115347e+00
   1.7800000e+01   1.0000000e+00   1.1485826e+00   1.1837732e+00
   1.7820000e+01   1.0000000e+00   1.1436950e+00   1.1540567e+00
   1.7840000e+01   1.0000000e+00   1.1388074e+00   1.1253177e+00
   1.7860000e+01   1.0000000e+00   1.1339198e+00   1.0975562e+00
   1.7880000e+01   1.0000000e+00   1.1339198e+00   1.0707722e+00
   1.7900000e+01   1.0000000e+00   1.1241447e+00   1.0439883e+00
   1.7920000e+01   1.0000000e+00   1.1143695e+00   1.0191593e+00
   1.7940000e+01   1.0000000e+00   1.1094819e+00   9.9628543e-01
   1.7960000e+01   1.0000000e+00   1.0948192e+00   9.7438905e-01
   1.7980000e+01   1.0000000e+00   1.0997067e+00   9.5542522e-01
   1.8000000e+01   1.0000000e+00   1.0850440e+00   9.3548387e-01
   1.8020000e+01   1.0000000e+00   1.0752688e+00   9.1847507e-01
   1.8040000e+01   1.0000000e+00   1.0654936e+00   9.0342131e-01
   1.8060000e+01   1.0000000e+00   1.0557185e+00   8.9032258e-01
   1.8080000e+01   1.0000000e+00   1.0508309e+00   8.7917889e-01
   1.8100000e+01   1.0000000e+00   1.0410557e+00   8.6901271e-01
   1.8120000e+01   1.0000000e+00   1.0263930e+00   8.6080156e-01
   1.8140000e+01   1.0000000e+00   1.0166178e+00   8.5552297e-01
   1.8160000e+01   1.0000000e+00   1.0019550e+00   8.5219941e-01
   1.8180000e+01   1.0000000e+00   9.8729228e-01   8.5180841e-01
   1.8200000e+01   1.0000000e+00   9.7751711e-01   8.5434995e-01
   1.8220000e+01   1.0000000e+00   9.7262952e-01   8.5884653e-01
   1.8240000e+01   1.0000000e+00   9.6285435e-01   8.6432063e-01
   1.8260000e+01   1.0000000e+00   9.5307918e-01   8.7174976e-01
   1.8280000e+01   1.0000000e+00   9.3841642e-01   8.8113392e-01
   1.8300000e+01   1.0000000e+00   9.2864125e-01   8.9345064e-01
   1.8320000e+01   1.0000000e+00   9.1886608e-01   9.0772239e-01
   1.8340000e+01   1.0000000e+00   9.1397849e-01   9.2394917e-01
   1.8360000e+01   1.0000000e+00   9.1397849e-01   9.4115347e-01
   1.8380000e+01   1.0000000e+00   9.0420332e-01   9.5835777e-01
   1.8400000e+01   1.0000000e+00   9.0909091e-01   9.7751711e-01
   1.8420000e+01   1.0000000e+00   8.9931574e-01   9.9569892e-01
   1.8440000e+01   1.0000000e+00   8.9931574e-01   1.0158358e+00
   1.8460000e+01   1.0000000e+00   8.9931574e-01   1.0359726e+00
   1.8480000e+01   1.0000000e+00   8.9931574e-01   1.0561095e+00
   1.8500000e+01   1.0000000e+00   8.8954057e-01   1.0762463e+00
   1.8520000e+01   1.0000000e+00   9.0420332e-01   1.0983382e+00
   1.8540000e+01   1.0000000e+00   8.9931574e-01   1.1174976e+00
   1.8560000e+01   1.0000000e+00   9.0909091e-01   1.1376344e+00
   1.8580000e+01   1.0000000e+00   9.1397849e-01   1.1558162e+00
   1.8600000e+01   1.0000000e+00   9.1397849e-01   1.1730205e+00
   1.8620000e+01   1.0000000e+00   9.1886608e-01   1.1902248e+00
   1.8640000e+01   1.0000000e+00   9.2375367e-01   1.2064516e+00
   1.8660000e+01   1.0000000e+00   9.3352884e-01   1.2217009e+00
   1.8680000e+01   1.0000000e+00   9.3841642e-01   1.2349951e+00
   1.8700000e+01   1.0000000e+00   9.4819159e-01   1.2473118e+00
   1.8720000e+01   1.0000000e+00   9.5307918e-01   1.2576735e+00
   1.8740000e+01   1.0000000e+00   9.6285435e-01   1.2670577e+00
   1.8760000e+01   1.0000000e+00   9.7262952e-01   1.2744868e+00
   1.8780000e+01   1.0000000e+00   9.7262952e-01   1.2799609e+00
   1.8800000e+01   1.0000000e+00   9.7751711e-01   1.2854350e+00
   1.8820000e+01   1.0000000e+00   9.9217986e-01   1.2899316e+00
   1.8840000e+01   1.0000000e+00   1.0068426e+00   1.2914956e+00
   1.8860000e+01   1.0000000e+00   1.0117302e+00   1.2901271e+00
   1.8880000e+01   1.0000000e+00   1.0215054e+00   1.2877810e+00
   1.8900000e+01   1.0000000e+00   1.0263930e+00   1.2834800e+00
   1.8920000e+01   1.0000000e+00   1.0263930e+00   1.2782014e+00
   1.8940000e+01   1.0000000e+00   1.0410557e+00   1.2729228e+00
   1.8960000e+01   1.0000000e+00   1.0361681e+00   1.2647116e+00
   1.8980000e+01   1.0000000e+00   1.0459433e+00   1.2574780e+00
   1.9000000e+01   1.0000000e+00   1.0508309e+00   1.2482893e+00
   1.9020000e+01   1.0000000e+00   1.0557185e+00   1.2381232e+00
   1.9040000e+01   1.0000000e+00   1.0606061e+00   1.2269795e+00
   1.9060000e+01   1.0000000e+00   1.0654936e+00   1.2148583e+00
   1.9080000e+01   1.0000000e+00   1.0654936e+00   1.2017595e+00
   1.9100000e+01   1.0000000e+00   1.0703812e+00   1.1886608e+00
   1.9120000e+01   1.0000000e+00   1.0703812e+00   1.1745846e+00
   1.9140000e+01   1.0000000e+00   1.0654936e+00   1.1605083e+00
   1.9160000e+01   1.0000000e+00   1.0752688e+00   1.1474096e+00
   1.9180000e+01   1.0000000e+00   1.0654936e+00   1.1323558e+00
   1.9200000e+01   1.0000000e+00   1.0654936e+00   1.1192571e+00
   1.9220000e+01   1.0000000e+00   1.0703812e+00   1.1061584e+00
   1.9240000e+01   1.0000000e+00   1.0654936e+00   1.0920821e+00
   1.9260000e+01   1.0000000e+00   1.0654936e+00   1.0789834e+00
   1.9280000e+01   1.0000000e+00   1.0606061e+00   1.0658847e+00
   1.9300000e+01   1.0000000e+00   1.0557185e+00   1.0537634e+00
   1.9320000e+01   1.0000000e+00   1.0557185e+00   1.0426197e+00
   1.9340000e+01   1.0000000e+00   1.0508309e+00   1.0314761e+00
   1.9360000e+01   1.0000000e+00   1.0508309e+00   1.0213099e+00
   1.9380000e+01   1.0000000e+00   1.0459433e+00   1.0111437e+00
   1.9400000e+01   1.0000000e+00   1.0410557e+00   1.0019550e+00
   1.9420000e+01   1.0000000e+00   1.0361681e+00   9.9374389e-01
   1.9440000e+01   1.0000000e+00   1.0215054e+00   9.8651026e-01
   1.9460000e+01   1.0000000e+00   1.0263930e+00   9.8220919e-01
   1.9480000e+01   1.0000000e+00   1.0215054e+00   9.7693060e-01
   1.9500000e+01   1.0000000e+00   1.0117302e+00   9.7262952e-01
   1.9520000e+01   1.0000000e+00   1.0019550e+00   9.7028348e-01
   1.9540000e+01   1.0000000e+00   9.9217986e-01   9.6989247e-01
   1.9560000e+01   1.0000000e+00   9.8729228e-01   9.7145650e-01
   1.9580000e+01   1.0000000e+00   9.8240469e-01   9.7399804e-01
   1.9600000e+01   1.0000000e+00   9.8240469e-01   9.7751711e-01
   1.9620000e+01   1.0000000e+00   9.7751711e-01   9.8103617e-01
   1.9640000e+01   1.0000000e+00   9.6285435e-01   9.8553275e-01
   1.9660000e+01   1.0000000e+00   9.5796676e-01   9.9296188e-01
   1.9680000e+01   1.0000000e+00   9.6774194e-01   1.0013685e+00
   1.9700000e+01   1.0000000e+00   9.6774194e-01   1.0078201e+00
   1.9720000e+01   1.0000000e+00   9.5796676e-01   1.0142717e+00
   1.9740000e+01   1.0000000e+00   9.5796676e-01   1.0226784e+00
   1.9760000e+01   1.0000000e+00   9.5796676e-01   1.0310850e+00
   1.9780000e+01   1.0000000e+00   9.4819159e-01   1.0394917e+00
   1.9800000e+01   1.0000000e+00   9.5307918e-01   1.0498534e+00
   1.9820000e+01   1.0000000e+00   9.5307918e-01   1.0592375e+00
   1.9840000e+01   1.0000000e+00   9.5307918e-01   1.0686217e+00
   1.9860000e+01   1.0000000e+00   9.5307918e-01   1.0780059e+00
   1.9880000e+01   1.0000000e+00   9.4819159e-01   1.0873900e+00
   1.9900000e+01   1.0000000e+00   9.5796676e-01   1.0977517e+00
   1.9920000e+01   1.0000000e+00   9.5307918e-01   1.1061584e+00
   1.9940000e+01   1.0000000e+00   9.6774194e-01   1.1155425e+00
   1.9960000e+01   1.0000000e+00   9.5796676e-01   1.1219941e+00
   1.9980000e+01   1.0000000e+00   9.6285435e-01   1.1304008e+00
   2.0000000e+01   1.5000000e+00   9.6285435e-01   1.1378299e+00
