   0.0000000e+00   1.5000000e+00   0.0000000e+00   7.5000000e+00
   2.0000000e-02   1.5000000e+00   0.0000000e+00   7.5000000e+00
   4.0000000e-02   1.5000000e+00   6.2072336e-01   4.3963832e+00
   6.0000000e-02   1.5000000e+00   7.9667644e-01   3.5166178e+00
   8.0000000e-02   1.5000000e+00   9.2864125e-01   2.8567937e+00
   1.0000000e-01   1.5000000e+00   1.0654936e+00   2.1725318e+00
   1.2000000e-01   1.5000000e+00   1.1485826e+00   1.7570870e+00
   1.4000000e-01   1.5000000e+00   1.2023460e+00   1.4882698e+00
   1.6000000e-01   1.5000000e+00   1.2414467e+00   1.2927664e+00
   1.8000000e-01   1.5000000e+00   1.2658847e+00   1.1705767e+00
   2.0000000e-01   1.5000000e+00   1.2756598e+00   1.1217009e+00
   2.2000000e-01   1.5000000e+00   1.2756598e+00   1.1217009e+00
   2.4000000e-01   1.5000000e+00   1.2609971e+00   1.1950147e+00
   2.6000000e-01   1.5000000e+00   1.2561095e+00   1.2194526e+00
   2.8000000e-01   1.5000000e+00   1.2512219e+00   1.2438905e+00
   3.0000000e-01   1.5000000e+00   1.2365591e+00   1.3172043e+00
   3.2000000e-01   1.5000000e+00   1.2365591e+00   1.3172043e+00
   3.4000000e-01   1.5000000e+00   1.2365591e+00   1.3172043e+00
   3.6000000e-01   1.5000000e+00   1.2365591e+00   1.3172043e+00
   3.8000000e-01   1.5000000e+00   1.2365591e+00   1.3172043e+00
   4.0000000e-01   1.5000000e+00   1.2365591e+00   1.3172043e+00
   4.2000000e-01   1.5000000e+00   1.2365591e+00   1.3172043e+00
   4.4000000e-01   1.5000000e+00   1.2316716e+00   1.3416422e+00
   4.6000000e-01   1.5000000e+00   1.2316716e+00   1.3416422e+00
   4.8000000e-01   1.5000000e+00   1.2414467e+00   1.2927664e+00
   5.0000000e-01   1.5000000e+00   1.2365591e+00   1.3172043e+00
   5.2000000e-01   1.5000000e+00   1.2365591e+00   1.3172043e+00
   5.4000000e-01   1.5000000e+00   1.2316716e+00   1.3416422e+00
   5.6000000e-01   1.5000000e+00   1.2316716e+00   1.3416422e+00
   5.8000000e-01   1.5000000e+00   1.2414467e+00   1.2927664e+00
   6.0000000e-01   1.5000000e+00   1.2316716e+00   1.3416422e+00
   6.2000000e-01   1.5000000e+00   1.2316716e+00   1.3416422e+00
   6.4000000e-01   1.5000000e+00   1.2316716e+00   1.3416422e+00
   6.6000000e-01   1.5000000e+00   1.2316716e+00   1.3416422e+00
   6.8000000e-01   1.5000000e+00   1.2316716e+00   1.3416422e+00
   7.0000000e-01   1.5000000e+00   1.2414467e+00   1.2927664e+00
   7.2000000e-01   1.5000000e+00   1.2414467e+00   1.2927664e+00
   7.4000000e-01   1.5000000e+00   1.2414467e+00   1.2927664e+00
   7.6000000e-01   1.5000000e+00   1.2365591e+00   1.3172043e+00
   7.8000000e-01   1.5000000e+00   1.2414467e+00   1.2927664e+00
   8.0000000e-01   1.5000000e+00   1.2365591e+00   1.3172043e+00
   8.2000000e-01   1.5000000e+00   1.2316716e+00   1.3416422e+00
   8.4000000e-01   1.5000000e+00   1.2365591e+00   1.3172043e+00
   8.6000000e-01   1.5000000e+00   1.2316716e+00   1.3416422e+00
   8.8000000e-01   1.5000000e+00   1.2365591e+00   1.3172043e+00
   9.0000000e-01   1.5000000e+00   1.2365591e+00   1.3172043e+00
   9.2000000e-01   1.5000000e+00   1.2316716e+00   1.3416422e+00
   9.4000000e-01   1.5000000e+00   1.2414467e+00   1.2927664e+00
   9.6000000e-01   1.5000000e+00   1.2414467e+00   1.2927664e+00
   9.8000000e-01   1.5000000e+00   1.2414467e+00   1.2927664e+00
   1.0000000e+00   1.5000000e+00   1.2414467e+00   1.2927664e+00
   1.0200000e+00   1.5000000e+00   1.2414467e+00   1.2927664e+00
   1.0400000e+00   1.5000000e+00   1.2414467e+00   1.2927664e+00
   1.0600000e+00   1.5000000e+00   1.2463343e+00   1.2683284e+00
   1.0800000e+00   1.5000000e+00   1.2414467e+00   1.2927664e+00
   1.1000000e+00   1.5000000e+00   1.2316716e+00   1.3416422e+00
   1.1200000e+00   1.5000000e+00   1.2414467e+00   1.2927664e+00
   1.1400000e+00   1.5000000e+00   1.2365591e+00   1.3172043e+00
   1.1600000e+00   1.5000000e+00   1.2365591e+00   1.3172043e+00
   1.1800000e+00   1.5000000e+00   1.2365591e+00   1.3172043e+00
   1.2000000e+00   1.5000000e+00   1.2365591e+00   1.3172043e+00
   1.2200000e+00   1.5000000e+00   1.2463343e+00   1.2683284e+00
   1.2400000e+00   1.5000000e+00   1.2365591e+00   1.3172043e+00
   1.2600000e+00   1.5000000e+00   1.2316716e+00   1.3416422e+00
   1.2800000e+00   1.5000000e+00   1.2414467e+00   1.2927664e+00
   1.3000000e+00   1.5000000e+00   1.2316716e+00   1.3416422e+00
   1.3200000e+00   1.5000000e+00   1.2365591e+00   1.3172043e+00
   1.3400000e+00   1.5000000e+00   1.2414467e+00   1.2927664e+00
   1.3600000e+00   1.5000000e+00   1.2463343e+00   1.2683284e+00
   1.3800000e+00   1.5000000e+00   1.2414467e+00   1.2927664e+00
   1.4000000e+00   1.5000000e+00   1.2316716e+00   1.3416422e+00
   1.4200000e+00   1.5000000e+00   1.2463343e+00   1.2683284e+00
   1.4400000e+00   1.5000000e+00   1.2365591e+00   1.3172043e+00
   1.4600000e+00   1.5000000e+00   1.2414467e+00   1.2927664e+00
   1.4800000e+00   1.5000000e+00   1.2316716e+00   1.3416422e+00
   1.5000000e+00   1.5000000e+00   1.2316716e+00   1.3416422e+00
   1.5200000e+00   1.5000000e+00   1.2365591e+00   1.3172043e+00
   1.5400000e+00   1.5000000e+00   1.2414467e+00   1.2927664e+00
   1.5600000e+00   1.5000000e+00   1.2365591e+00   1.3172043e+00
   1.5800000e+00   1.5000000e+00   1.2365591e+00   1.3172043e+00
   1.6000000e+00   1.5000000e+00   1.2414467e+00   1.2927664e+00
   1.6200000e+00   1.5000000e+00   1.2365591e+00   1.3172043e+00
   1.6400000e+00   1.5000000e+00   1.2463343e+00   1.2683284e+00
   1.6600000e+00   1.5000000e+00   1.2414467e+00   1.2927664e+00
   1.6800000e+00   1.5000000e+00   1.2365591e+00   1.3172043e+00
   1.7000000e+00   1.5000000e+00   1.2463343e+00   1.2683284e+00
   1.7200000e+00   1.5000000e+00   1.2414467e+00   1.2927664e+00
   1.7400000e+00   1.5000000e+00   1.2365591e+00   1.3172043e+00
   1.7600000e+00   1.5000000e+00   1.2414467e+00   1.2927664e+00
   1.7800000e+00   1.5000000e+00   1.2365591e+00   1.3172043e+00
   1.8000000e+00   1.5000000e+00   1.2414467e+00   1.2927664e+00
   1.8200000e+00   1.5000000e+00   1.2414467e+00   1.2927664e+00
   1.8400000e+00   1.5000000e+00   1.2316716e+00   1.3416422e+00
   1.8600000e+00   1.5000000e+00   1.2414467e+00   1.2927664e+00
   1.8800000e+00   1.5000000e+00   1.2463343e+00   1.2683284e+00
   1.9000000e+00   1.5000000e+00   1.2365591e+00   1.3172043e+00
   1.9200000e+00   1.5000000e+00   1.2365591e+00   1.3172043e+00
   1.9400000e+00   1.5000000e+00   1.2316716e+00   1.3416422e+00
   1.9600000e+00   1.5000000e+00   1.2267840e+00   1.3660802e+00
   1.9800000e+00   1.5000000e+00   1.2267840e+00   1.3660802e+00
   2.0000000e+00   1.0000000e+00   1.2267840e+00  -1.1339198e+00
   2.0200000e+00   1.0000000e+00   1.2316716e+00  -1.1583578e+00
   2.0400000e+00   1.0000000e+00   1.2316716e+00  -1.1583578e+00
   2.0600000e+00   1.0000000e+00   1.2121212e+00  -1.0606061e+00
   2.0800000e+00   1.0000000e+00   1.1827957e+00  -9.1397849e-01
   2.1000000e+00   1.0000000e+00   1.1681329e+00  -8.4066471e-01
   2.1200000e+00   1.0000000e+00   1.1339198e+00  -6.6959922e-01
   2.1400000e+00   1.0000000e+00   1.0997067e+00  -4.9853372e-01
   2.1600000e+00   1.0000000e+00   1.0606061e+00  -3.0303030e-01
   2.1800000e+00   1.0000000e+00   1.0215054e+00  -1.0752688e-01
   2.2000000e+00   1.0000000e+00   9.3352884e-01   3.3235582e-01
   2.2200000e+00   1.0000000e+00   8.9442815e-01   5.2785924e-01
   2.2400000e+00   1.0000000e+00   8.6510264e-01   6.7448680e-01
   2.2600000e+00   1.0000000e+00   8.4555230e-01   7.7223851e-01
   2.2800000e+00   1.0000000e+00   8.2111437e-01   8.9442815e-01
   2.3000000e+00   1.0000000e+00   8.1133920e-01   9.4330401e-01
   2.3200000e+00   1.0000000e+00   8.0156403e-01   9.9217986e-01
   2.3400000e+00   1.0000000e+00   7.9667644e-01   1.0166178e+00
   2.3600000e+00   1.0000000e+00   7.9178886e-01   1.0410557e+00
   2.3800000e+00   1.0000000e+00   7.9178886e-01   1.0410557e+00
   2.4000000e+00   1.0000000e+00   8.0156403e-01   9.9217986e-01
   2.4200000e+00   1.0000000e+00   8.0645161e-01   9.6774194e-01
   2.4400000e+00   1.0000000e+00   8.1133920e-01   9.4330401e-01
   2.4600000e+00   1.0000000e+00   8.0156403e-01   9.9217986e-01
   2.4800000e+00   1.0000000e+00   8.0645161e-01   9.6774194e-01
   2.5000000e+00   1.0000000e+00   8.0156403e-01   9.9217986e-01
   2.5200000e+00   1.0000000e+00   8.1133920e-01   9.4330401e-01
   2.5400000e+00   1.0000000e+00   8.0645161e-01   9.6774194e-01
   2.5600000e+00   1.0000000e+00   8.0156403e-01   9.9217986e-01
   2.5800000e+00   1.0000000e+00   8.0645161e-01   9.6774194e-01
   2.6000000e+00   1.0000000e+00   8.0645161e-01   9.6774194e-01
   2.6200000e+00   1.0000000e+00   8.1133920e-01   9.4330401e-01
   2.6400000e+00   1.0000000e+00   8.1133920e-01   9.4330401e-01
   2.6600000e+00   1.0000000e+00   8.1133920e-01   9.4330401e-01
   2.6800000e+00   1.0000000e+00   8.1622678e-01   9.1886608e-01
   2.7000000e+00   1.0000000e+00   8.1622678e-01   9.1886608e-01
   2.7200000e+00   1.0000000e+00   8.1133920e-01   9.4330401e-01
   2.7400000e+00   1.0000000e+00   8.1133920e-01   9.4330401e-01
   2.7600000e+00   1.0000000e+00   8.0645161e-01   9.6774194e-01
   2.7800000e+00   1.0000000e+00   8.0645161e-01   9.6774194e-01
   2.8000000e+00   1.0000000e+00   8.0156403e-01   9.9217986e-01
   2.8200000e+00   1.0000000e+00   8.0645161e-01   9.6774194e-01
   2.8400000e+00   1.0000000e+00   8.0156403e-01   9.9217986e-01
   2.8600000e+00   1.0000000e+00   8.0156403e-01   9.9217986e-01
   2.8800000e+00   1.0000000e+00   8.0645161e-01   9.6774194e-01
   2.9000000e+00   1.0000000e+00   8.1133920e-01   9.4330401e-01
   2.9200000e+00   1.0000000e+00   8.1622678e-01   9.1886608e-01
   2.9400000e+00   1.0000000e+00   8.1133920e-01   9.4330401e-01
   2.9600000e+00   1.0000000e+00   8.0645161e-01   9.6774194e-01
   2.9800000e+00   1.0000000e+00   8.1133920e-01   9.4330401e-01
   3.0000000e+00   1.0000000e+00   8.0645161e-01   9.6774194e-01
   3.0200000e+00   1.0000000e+00   8.0645161e-01   9.6774194e-01
   3.0400000e+00   1.0000000e+00   8.0645161e-01   9.6774194e-01
   3.0600000e+00   1.0000000e+00   8.1133920e-01   9.4330401e-01
   3.0800000e+00   1.0000000e+00   8.0645161e-01   9.6774194e-01
   3.1000000e+00   1.0000000e+00   8.0156403e-01   9.9217986e-01
   3.1200000e+00   1.0000000e+00   8.1133920e-01   9.4330401e-01
   3.1400000e+00   1.0000000e+00   8.0645161e-01   9.6774194e-01
   3.1600000e+00   1.0000000e+00   8.1622678e-01   9.1886608e-01
   3.1800000e+00   1.0000000e+00   8.1133920e-01   9.4330401e-01
   3.2000000e+00   1.0000000e+00   8.1133920e-01   9.4330401e-01
   3.2200000e+00   1.0000000e+00   8.1133920e-01   9.4330401e-01
   3.2400000e+00   1.0000000e+00   8.1622678e-01   9.1886608e-01
   3.2600000e+00   1.0000000e+00   8.0645161e-01   9.6774194e-01
   3.2800000e+00   1.0000000e+00   8.1133920e-01   9.4330401e-01
   3.3000000e+00   1.0000000e+00   8.1133920e-01   9.4330401e-01
   3.3200000e+00   1.0000000e+00   8.0156403e-01   9.9217986e-01
   3.3400000e+00   1.0000000e+00   8.0645161e-01   9.6774194e-01
   3.3600000e+00   1.0000000e+00   8.0156403e-01   9.9217986e-01
   3.3800000e+00   1.0000000e+00   8.0645161e-01   9.6774194e-01
   3.4000000e+00   1.0000000e+00   8.1133920e-01   9.4330401e-01
   3.4200000e+00   1.0000000e+00   8.0156403e-01   9.9217986e-01
   3.4400000e+00   1.0000000e+00   8.0645161e-01   9.6774194e-01
   3.4600000e+00   1.0000000e+00   8.1133920e-01   9.4330401e-01
   3.4800000e+00   1.0000000e+00   8.1133920e-01   9.4330401e-01
   3.5000000e+00   1.0000000e+00   8.0645161e-01   9.6774194e-01
   3.5200000e+00   1.0000000e+00   8.1133920e-01   9.4330401e-01
   3.5400000e+00   1.0000000e+00   8.1622678e-01   9.1886608e-01
   3.5600000e+00   1.0000000e+00   8.1133920e-01   9.4330401e-01
   3.5800000e+00   1.0000000e+00   8.0645161e-01   9.6774194e-01
   3.6000000e+00   1.0000000e+00   8.0156403e-01   9.9217986e-01
   3.6200000e+00   1.0000000e+00   8.0645161e-01   9.6774194e-01
   3.6400000e+00   1.0000000e+00   8.0645161e-01   9.6774194e-01
   3.6600000e+00   1.0000000e+00   8.0645161e-01   9.6774194e-01
   3.6800000e+00   1.0000000e+00   8.1133920e-01   9.4330401e-01
   3.7000000e+00   1.0000000e+00   8.1622678e-01   9.1886608e-01
   3.7200000e+00   1.0000000e+00   8.0156403e-01   9.9217986e-01
   3.7400000e+00   1.0000000e+00   8.0645161e-01   9.6774194e-01
   3.7600000e+00   1.0000000e+00   8.0645161e-01   9.6774194e-01
   3.7800000e+00   1.0000000e+00   8.1133920e-01   9.4330401e-01
   3.8000000e+00   1.0000000e+00   8.1133920e-01   9.4330401e-01
   3.8200000e+00   1.0000000e+00   8.0645161e-01   9.6774194e-01
   3.8400000e+00   1.0000000e+00   8.0645161e-01   9.6774194e-01
   3.8600000e+00   1.0000000e+00   8.0645161e-01   9.6774194e-01
   3.8800000e+00   1.0000000e+00   8.1133920e-01   9.4330401e-01
   3.9000000e+00   1.0000000e+00   8.1133920e-01   9.4330401e-01
   3.9200000e+00   1.0000000e+00   8.0645161e-01   9.6774194e-01
   3.9400000e+00   1.0000000e+00   8.1133920e-01   9.4330401e-01
   3.9600000e+00   1.0000000e+00   8.0645161e-01   9.6774194e-01
   3.9800000e+00   1.0000000e+00   8.0645161e-01   9.6774194e-01
   4.0000000e+00   1.5000000e+00   8.0645161e-01   3.4677419e+00
   4.0200000e+00   1.5000000e+00   8.0645161e-01   3.4677419e+00
   4.0400000e+00   1.5000000e+00   8.3577713e-01   3.3211144e+00
   4.0600000e+00   1.5000000e+00   9.9217986e-01   2.5391007e+00
   4.0800000e+00   1.5000000e+00   1.1339198e+00   1.8304008e+00
   4.1000000e+00   1.5000000e+00   1.1974585e+00   1.5127077e+00
   4.1200000e+00   1.5000000e+00   1.2365591e+00   1.3172043e+00
   4.1400000e+00   1.5000000e+00   1.2658847e+00   1.1705767e+00
   4.1600000e+00   1.5000000e+00   1.2707722e+00   1.1461388e+00
   4.1800000e+00   1.5000000e+00   1.2707722e+00   1.1461388e+00
   4.2000000e+00   1.5000000e+00   1.2658847e+00   1.1705767e+00
   4.2200000e+00   1.5000000e+00   1.2658847e+00   1.1705767e+00
   4.2400000e+00   1.5000000e+00   1.2512219e+00   1.2438905e+00
   4.2600000e+00   1.5000000e+00   1.2512219e+00   1.2438905e+00
   4.2800000e+00   1.5000000e+00   1.2463343e+00   1.2683284e+00
   4.3000000e+00   1.5000000e+00   1.2365591e+00   1.3172043e+00
   4.3200000e+00   1.5000000e+00   1.2365591e+00   1.3172043e+00
   4.3400000e+00   1.5000000e+00   1.2316716e+00   1.3416422e+00
   4.3600000e+00   1.5000000e+00   1.2414467e+00   1.2927664e+00
   4.3800000e+00   1.5000000e+00   1.2316716e+00   1.3416422e+00
   4.4000000e+00   1.5000000e+00   1.2414467e+00   1.2927664e+00
   4.4200000e+00   1.5000000e+00   1.2365591e+00   1.3172043e+00
   4.4400000e+00   1.5000000e+00   1.2463343e+00   1.2683284e+00
   4.4600000e+00   1.5000000e+00   1.2414467e+00   1.2927664e+00
   4.4800000e+00   1.5000000e+00   1.2365591e+00   1.3172043e+00
   4.5000000e+00   1.5000000e+00   1.2365591e+00   1.3172043e+00
   4.5200000e+00   1.5000000e+00   1.2414467e+00   1.2927664e+00
   4.5400000e+00   1.5000000e+00   1.2414467e+00   1.2927664e+00
   4.5600000e+00   1.5000000e+00   1.2463343e+00   1.2683284e+00
   4.5800000e+00   1.5000000e+00   1.2414467e+00   1.2927664e+00
   4.6000000e+00   1.5000000e+00   1.2414467e+00   1.2927664e+00
   4.6200000e+00   1.5000000e+00   1.2365591e+00   1.3172043e+00
   4.6400000e+00   1.5000000e+00   1.2414467e+00   1.2927664e+00
   4.6600000e+00   1.5000000e+00   1.2414467e+00   1.2927664e+00
   4.6800000e+00   1.5000000e+00   1.2463343e+00   1.2683284e+00
   4.7000000e+00   1.5000000e+00   1.2414467e+00   1.2927664e+00
   4.7200000e+00   1.5000000e+00   1.2365591e+00   1.3172043e+00
   4.7400000e+00   1.5000000e+00   1.2365591e+00   1.3172043e+00
   4.7600000e+00   1.5000000e+00   1.2463343e+00   1.2683284e+00
   4.7800000e+00   1.5000000e+00   1.2365591e+00   1.3172043e+00
   4.8000000e+00   1.5000000e+00   1.2463343e+00   1.2683284e+00
   4.8200000e+00   1.5000000e+00   1.2414467e+00   1.2927664e+00
   4.8400000e+00   1.5000000e+00   1.2414467e+00   1.2927664e+00
   4.8600000e+00   1.5000000e+00   1.2414467e+00   1.2927664e+00
   4.8800000e+00   1.5000000e+00   1.2414467e+00   1.2927664e+00
   4.9000000e+00   1.5000000e+00   1.2316716e+00   1.3416422e+00
   4.9200000e+00   1.5000000e+00   1.2365591e+00   1.3172043e+00
   4.9400000e+00   1.5000000e+00   1.2414467e+00   1.2927664e+00
   4.9600000e+00   1.5000000e+00   1.2463343e+00   1.2683284e+00
   4.9800000e+00   1.5000000e+00   1.2512219e+00   1.2438905e+00
   5.0000000e+00   1.5000000e+00   1.2414467e+00   1.2927664e+00
   5.0200000e+00   1.5000000e+00   1.2414467e+00   1.2927664e+00
   5.0400000e+00   1.5000000e+00   1.2365591e+00   1.3172043e+00
   5.0600000e+00   1.5000000e+00   1.2365591e+00   1.3172043e+00
   5.0800000e+00   1.5000000e+00   1.2414467e+00   1.2927664e+00
   5.1000000e+00   1.5000000e+00   1.2414467e+00   1.2927664e+00
   5.1200000e+00   1.5000000e+00   1.2365591e+00   1.3172043e+00
   5.1400000e+00   1.5000000e+00   1.2414467e+00   1.2927664e+00
   5.1600000e+00   1.5000000e+00   1.2414467e+00   1.2927664e+00
   5.1800000e+00   1.5000000e+00   1.2463343e+00   1.2683284e+00
   5.2000000e+00   1.5000000e+00   1.2414467e+00   1.2927664e+00
   5.2200000e+00   1.5000000e+00   1.2414467e+00   1.2927664e+00
   5.2400000e+00   1.5000000e+00   1.2414467e+00   1.2927664e+00
   5.2600000e+00   1.5000000e+00   1.2365591e+00   1.3172043e+00
   5.2800000e+00   1.5000000e+00   1.2365591e+00   1.3172043e+00
   5.3000000e+00   1.5000000e+00   1.2414467e+00   1.2927664e+00
   5.3200000e+00   1.5000000e+00   1.2316716e+00   1.3416422e+00
   5.3400000e+00   1.5000000e+00   1.2414467e+00   1.2927664e+00
   5.3600000e+00   1.5000000e+00   1.2463343e+00   1.2683284e+00
   5.3800000e+00   1.5000000e+00   1.2463343e+00   1.2683284e+00
   5.4000000e+00   1.5000000e+00   1.2365591e+00   1.3172043e+00
   5.4200000e+00   1.5000000e+00   1.2463343e+00   1.2683284e+00
   5.4400000e+00   1.5000000e+00   1.2365591e+00   1.3172043e+00
   5.4600000e+00   1.5000000e+00   1.2365591e+00   1.3172043e+00
   5.4800000e+00   1.5000000e+00   1.2316716e+00   1.3416422e+00
   5.5000000e+00   1.5000000e+00   1.2365591e+00   1.3172043e+00
   5.5200000e+00   1.5000000e+00   1.2365591e+00   1.3172043e+00
   5.5400000e+00   1.5000000e+00   1.2414467e+00   1.2927664e+00
   5.5600000e+00   1.5000000e+00   1.2414467e+00   1.2927664e+00
   5.5800000e+00   1.5000000e+00   1.2414467e+00   1.2927664e+00
   5.6000000e+00   1.5000000e+00   1.2463343e+00   1.2683284e+00
   5.6200000e+00   1.5000000e+00   1.2414467e+00   1.2927664e+00
   5.6400000e+00   1.5000000e+00   1.2414467e+00   1.2927664e+00
   5.6600000e+00   1.5000000e+00   1.2414467e+00   1.2927664e+00
   5.6800000e+00   1.5000000e+00   1.2365591e+00   1.3172043e+00
   5.7000000e+00   1.5000000e+00   1.2414467e+00   1.2927664e+00
   5.7200000e+00   1.5000000e+00   1.2365591e+00   1.3172043e+00
   5.7400000e+00   1.5000000e+00   1.2414467e+00   1.2927664e+00
   5.7600000e+00   1.5000000e+00   1.2414467e+00   1.2927664e+00
   5.7800000e+00   1.5000000e+00   1.2365591e+00   1.3172043e+00
   5.8000000e+00   1.5000000e+00   1.2414467e+00   1.2927664e+00
   5.8200000e+00   1.5000000e+00   1.2316716e+00   1.3416422e+00
   5.8400000e+00   1.5000000e+00   1.2365591e+00   1.3172043e+00
   5.8600000e+00   1.5000000e+00   1.2365591e+00   1.3172043e+00
   5.8800000e+00   1.5000000e+00   1.2414467e+00   1.2927664e+00
   5.9000000e+00   1.5000000e+00   1.2414467e+00   1.2927664e+00
   5.9200000e+00   1.5000000e+00   1.2414467e+00   1.2927664e+00
   5.9400000e+00   1.5000000e+00   1.2365591e+00   1.3172043e+00
   5.9600000e+00   1.5000000e+00   1.2365591e+00   1.3172043e+00
   5.9800000e+00   1.5000000e+00   1.2414467e+00   1.2927664e+00
   6.0000000e+00   1.0000000e+00   1.2414467e+00  -1.2072336e+00
   6.0200000e+00   1.0000000e+00   1.2365591e+00  -1.1827957e+00
   6.0400000e+00   1.0000000e+00   1.2365591e+00  -1.1827957e+00
   6.0600000e+00   1.0000000e+00   1.2072336e+00  -1.0361681e+00
   6.0800000e+00   1.0000000e+00   1.1681329e+00  -8.4066471e-01
   6.1000000e+00   1.0000000e+00   1.1339198e+00  -6.6959922e-01
   6.1200000e+00   1.0000000e+00   1.0948192e+00  -4.7409580e-01
   6.1400000e+00   1.0000000e+00   1.0557185e+00  -2.7859238e-01
   6.1600000e+00   1.0000000e+00   1.0166178e+00  -8.3088954e-02
   6.1800000e+00   1.0000000e+00   9.6285435e-01   1.8572825e-01
   6.2000000e+00   1.0000000e+00   9.2375367e-01   3.8123167e-01
   6.2200000e+00   1.0000000e+00   8.6021505e-01   6.9892473e-01
   6.2400000e+00   1.0000000e+00   8.3577713e-01   8.2111437e-01
   6.2600000e+00   1.0000000e+00   8.1622678e-01   9.1886608e-01
   6.2800000e+00   1.0000000e+00   8.1133920e-01   9.4330401e-01
   6.3000000e+00   1.0000000e+00   8.0156403e-01   9.9217986e-01
   6.3200000e+00   1.0000000e+00   7.9178886e-01   1.0410557e+00
   6.3400000e+00   1.0000000e+00   8.0156403e-01   9.9217986e-01
   6.3600000e+00   1.0000000e+00   8.0156403e-01   9.9217986e-01
   6.3800000e+00   1.0000000e+00   8.0645161e-01   9.6774194e-01
   6.4000000e+00   1.0000000e+00   8.0156403e-01   9.9217986e-01
   6.4200000e+00   1.0000000e+00   8.0645161e-01   9.6774194e-01
   6.4400000e+00   1.0000000e+00   8.0645161e-01   9.6774194e-01
   6.4600000e+00   1.0000000e+00   8.1133920e-01   9.4330401e-01
   6.4800000e+00   1.0000000e+00   8.0645161e-01   9.6774194e-01
   6.5000000e+00   1.0000000e+00   8.1133920e-01   9.4330401e-01
   6.5200000e+00   1.0000000e+00   8.1133920e-01   9.4330401e-01
   6.5400000e+00   1.0000000e+00   8.1622678e-01   9.1886608e-01
   6.5600000e+00   1.0000000e+00   8.1622678e-01   9.1886608e-01
   6.5800000e+00   1.0000000e+00   8.0645161e-01   9.6774194e-01
   6.6000000e+00   1.0000000e+00   8.0645161e-01   9.6774194e-01
   6.6200000e+00   1.0000000e+00   8.1133920e-01   9.4330401e-01
   6.6400000e+00   1.0000000e+00   8.1622678e-01   9.1886608e-01
   6.6600000e+00   1.0000000e+00   8.1133920e-01   9.4330401e-01
   6.6800000e+00   1.0000000e+00   8.1133920e-01   9.4330401e-01
   6.7000000e+00   1.0000000e+00   8.0645161e-01   9.6774194e-01
   6.7200000e+00   1.0000000e+00   8.0645161e-01   9.6774194e-01
   6.7400000e+00   1.0000000e+00   8.1133920e-01   9.4330401e-01
   6.7600000e+00   1.0000000e+00   8.0645161e-01   9.6774194e-01
   6.7800000e+00   1.0000000e+00   8.1133920e-01   9.4330401e-01
   6.8000000e+00   1.0000000e+00   8.1133920e-01   9.4330401e-01
   6.8200000e+00   1.0000000e+00   8.0645161e-01   9.6774194e-01
   6.8400000e+00   1.0000000e+00   8.1133920e-01   9.4330401e-01
   6.8600000e+00   1.0000000e+00   8.0645161e-01   9.6774194e-01
   6.8800000e+00   1.0000000e+00   8.1133920e-01   9.4330401e-01
   6.9000000e+00   1.0000000e+00   8.1133920e-01   9.4330401e-01
   6.9200000e+00   1.0000000e+00   8.0645161e-01   9.6774194e-01
   6.9400000e+00   1.0000000e+00   8.0156403e-01   9.9217986e-01
   6.9600000e+00   1.0000000e+00   8.0645161e-01   9.6774194e-01
   6.9800000e+00   1.0000000e+00   8.0645161e-01   9.6774194e-01
   7.0000000e+00   1.0000000e+00   8.0645161e-01   9.6774194e-01
   7.0200000e+00   1.0000000e+00   8.1133920e-01   9.4330401e-01
   7.0400000e+00   1.0000000e+00   8.0645161e-01   9.6774194e-01
   7.0600000e+00   1.0000000e+00   8.1133920e-01   9.4330401e-01
   7.0800000e+00   1.0000000e+00   8.1133920e-01   9.4330401e-01
   7.1000000e+00   1.0000000e+00   8.1133920e-01   9.4330401e-01
   7.1200000e+00   1.0000000e+00   8.1622678e-01   9.1886608e-01
   7.1400000e+00   1.0000000e+00   8.1133920e-01   9.4330401e-01
   7.1600000e+00   1.0000000e+00   8.1133920e-01   9.4330401e-01
   7.1800000e+00   1.0000000e+00   8.0645161e-01   9.6774194e-01
   7.2000000e+00   1.0000000e+00   8.0156403e-01   9.9217986e-01
   7.2200000e+00   1.0000000e+00   8.0156403e-01   9.9217986e-01
   7.2400000e+00   1.0000000e+00   8.0156403e-01   9.9217986e-01
   7.2600000e+00   1.0000000e+00   8.1133920e-01   9.4330401e-01
   7.2800000e+00   1.0000000e+00   8.1133920e-01   9.4330401e-01
   7.3000000e+00   1.0000000e+00   8.0645161e-01   9.6774194e-01
   7.3200000e+00   1.0000000e+00   8.0645161e-01   9.6774194e-01
   7.3400000e+00   1.0000000e+00   8.0645161e-01   9.6774194e-01
   7.3600000e+00   1.0000000e+00   8.1133920e-01   9.4330401e-01
   7.3800000e+00   1.0000000e+00   8.1133920e-01   9.4330401e-01
   7.4000000e+00   1.0000000e+00   8.1133920e-01   9.4330401e-01
   7.4200000e+00   1.0000000e+00   8.1622678e-01   9.1886608e-01
   7.4400000e+00   1.0000000e+00   8.0645161e-01   9.6774194e-01
   7.4600000e+00   1.0000000e+00   8.0645161e-01   9.6774194e-01
   7.4800000e+00   1.0000000e+00   8.0156403e-01   9.9217986e-01
   7.5000000e+00   1.0000000e+00   8.0645161e-01   9.6774194e-01
   7.5200000e+00   1.0000000e+00   8.1622678e-01   9.1886608e-01
   7.5400000e+00   1.0000000e+00   8.1133920e-01   9.4330401e-01
   7.5600000e+00   1.0000000e+00   8.1622678e-01   9.1886608e-01
   7.5800000e+00   1.0000000e+00   8.1622678e-01   9.1886608e-01
   7.6000000e+00   1.0000000e+00   8.1622678e-01   9.1886608e-01
   7.6200000e+00   1.0000000e+00   8.0645161e-01   9.6774194e-01
   7.6400000e+00   1.0000000e+00   8.0645161e-01   9.6774194e-01
   7.6600000e+00   1.0000000e+00   8.0645161e-01   9.6774194e-01
   7.6800000e+00   1.0000000e+00   8.1133920e-01   9.4330401e-01
   7.7000000e+00   1.0000000e+00   8.0156403e-01   9.9217986e-01
   7.7200000e+00   1.0000000e+00   8.0645161e-01   9.6774194e-01
   7.7400000e+00   1.0000000e+00   8.0645161e-01   9.6774194e-01
   7.7600000e+00   1.0000000e+00   8.1133920e-01   9.4330401e-01
   7.7800000e+00   1.0000000e+00   8.1133920e-01   9.4330401e-01
   7.8000000e+00   1.0000000e+00   8.1133920e-01   9.4330401e-01
   7.8200000e+00   1.0000000e+00   8.0645161e-01   9.6774194e-01
   7.8400000e+00   1.0000000e+00   8.0156403e-01   9.9217986e-01
   7.8600000e+00   1.0000000e+00   8.1133920e-01   9.4330401e-01
   7.8800000e+00   1.0000000e+00   8.1622678e-01   9.1886608e-01
   7.9000000e+00   1.0000000e+00   8.1133920e-01   9.4330401e-01
   7.9200000e+00   1.0000000e+00   8.0645161e-01   9.6774194e-01
   7.9400000e+00   1.0000000e+00   8.1133920e-01   9.4330401e-01
   7.9600000e+00   1.0000000e+00   8.1133920e-01   9.4330401e-01
   7.9800000e+00   1.0000000e+00   8.1133920e-01   9.4330401e-01
   8.0000000e+00   1.5000000e+00   8.0156403e-01   3.4921799e+00
   8.0200000e+00   1.5000000e+00   8.0645161e-01   3.4677419e+00
   8.0400000e+00   1.5000000e+00   8.6021505e-01   3.1989247e+00
   8.0600000e+00   1.5000000e+00   9.5796676e-01   2.7101662e+00
   8.0800000e+00   1.5000000e+00   1.0508309e+00   2.2458456e+00
   8.1000000e+00   1.5000000e+00   1.1388074e+00   1.8059629e+00
   8.1200000e+00   1.5000000e+00   1.2072336e+00   1.4638319e+00
   8.1400000e+00   1.5000000e+00   1.2463343e+00   1.2683284e+00
   8.1600000e+00   1.5000000e+00   1.2658847e+00   1.1705767e+00
   8.1800000e+00   1.5000000e+00   1.2756598e+00   1.1217009e+00
   8.2000000e+00   1.5000000e+00   1.2707722e+00   1.1461388e+00
   8.2200000e+00   1.5000000e+00   1.2658847e+00   1.1705767e+00
   8.2400000e+00   1.5000000e+00   1.2561095e+00   1.2194526e+00
   8.2600000e+00   1.5000000e+00   1.2463343e+00   1.2683284e+00
   8.2800000e+00   1.5000000e+00   1.2463343e+00   1.2683284e+00
   8.3000000e+00   1.5000000e+00   1.2463343e+00   1.2683284e+00
   8.3200000e+00   1.5000000e+00   1.2365591e+00   1.3172043e+00
   8.3400000e+00   1.5000000e+00   1.2316716e+00   1.3416422e+00
   8.3600000e+00   1.5000000e+00   1.2463343e+00   1.2683284e+00
   8.3800000e+00   1.5000000e+00   1.2365591e+00   1.3172043e+00
   8.4000000e+00   1.5000000e+00   1.2365591e+00   1.3172043e+00
   8.4200000e+00   1.5000000e+00   1.2365591e+00   1.3172043e+00
   8.4400000e+00   1.5000000e+00   1.2414467e+00   1.2927664e+00
   8.4600000e+00   1.5000000e+00   1.2414467e+00   1.2927664e+00
   8.4800000e+00   1.5000000e+00   1.2512219e+00   1.2438905e+00
   8.5000000e+00   1.5000000e+00   1.2463343e+00   1.2683284e+00
   8.5200000e+00   1.5000000e+00   1.2414467e+00   1.2927664e+00
   8.5400000e+00   1.5000000e+00   1.2414467e+00   1.2927664e+00
   8.5600000e+00   1.5000000e+00   1.2463343e+00   1.2683284e+00
   8.5800000e+00   1.5000000e+00   1.2414467e+00   1.2927664e+00
   8.6000000e+00   1.5000000e+00   1.2365591e+00   1.3172043e+00
   8.6200000e+00   1.5000000e+00   1.2365591e+00   1.3172043e+00
   8.6400000e+00   1.5000000e+00   1.2365591e+00   1.3172043e+00
   8.6600000e+00   1.5000000e+00   1.2365591e+00   1.3172043e+00
   8.6800000e+00   1.5000000e+00   1.2414467e+00   1.2927664e+00
   8.7000000e+00   1.5000000e+00   1.2414467e+00   1.2927664e+00
   8.7200000e+00   1.5000000e+00   1.2463343e+00   1.2683284e+00
   8.7400000e+00   1.5000000e+00   1.2365591e+00   1.3172043e+00
   8.7600000e+00   1.5000000e+00   1.2414467e+00   1.2927664e+00
   8.7800000e+00   1.5000000e+00   1.2365591e+00   1.3172043e+00
   8.8000000e+00   1.5000000e+00   1.2365591e+00   1.3172043e+00
   8.8200000e+00   1.5000000e+00   1.2365591e+00   1.3172043e+00
   8.8400000e+00   1.5000000e+00   1.2316716e+00   1.3416422e+00
   8.8600000e+00   1.5000000e+00   1.2365591e+00   1.3172043e+00
   8.8800000e+00   1.5000000e+00   1.2365591e+00   1.3172043e+00
   8.9000000e+00   1.5000000e+00   1.2414467e+00   1.2927664e+00
   8.9200000e+00   1.5000000e+00   1.2463343e+00   1.2683284e+00
   8.9400000e+00   1.5000000e+00   1.2365591e+00   1.3172043e+00
   8.9600000e+00   1.5000000e+00   1.2316716e+00   1.3416422e+00
   8.9800000e+00   1.5000000e+00   1.2365591e+00   1.3172043e+00
   9.0000000e+00   1.5000000e+00   1.2365591e+00   1.3172043e+00
   9.0200000e+00   1.5000000e+00   1.2316716e+00   1.3416422e+00
   9.0400000e+00   1.5000000e+00   1.2414467e+00   1.2927664e+00
   9.0600000e+00   1.5000000e+00   1.2414467e+00   1.2927664e+00
   9.0800000e+00   1.5000000e+00   1.2365591e+00   1.3172043e+00
   9.1000000e+00   1.5000000e+00   1.2365591e+00   1.3172043e+00
   9.1200000e+00   1.5000000e+00   1.2316716e+00   1.3416422e+00
   9.1400000e+00   1.5000000e+00   1.2365591e+00   1.3172043e+00
   9.1600000e+00   1.5000000e+00   1.2414467e+00   1.2927664e+00
   9.1800000e+00   1.5000000e+00   1.2414467e+00   1.2927664e+00
   9.2000000e+00   1.5000000e+00   1.2365591e+00   1.3172043e+00
   9.2200000e+00   1.5000000e+00   1.2365591e+00   1.3172043e+00
   9.2400000e+00   1.5000000e+00   1.2365591e+00   1.3172043e+00
   9.2600000e+00   1.5000000e+00   1.2414467e+00   1.2927664e+00
   9.2800000e+00   1.5000000e+00   1.2365591e+00   1.3172043e+00
   9.3000000e+00   1.5000000e+00   1.2316716e+00   1.3416422e+00
   9.3200000e+00   1.5000000e+00   1.2414467e+00   1.2927664e+00
   9.3400000e+00   1.5000000e+00   1.2414467e+00   1.2927664e+00
   9.3600000e+00   1.5000000e+00   1.2365591e+00   1.3172043e+00
   9.3800000e+00   1.5000000e+00   1.2414467e+00   1.2927664e+00
   9.4000000e+00   1.5000000e+00   1.2365591e+00   1.3172043e+00
   9.4200000e+00   1.5000000e+00   1.2365591e+00   1.3172043e+00
   9.4400000e+00   1.5000000e+00   1.2365591e+00   1.3172043e+00
   9.4600000e+00   1.5000000e+00   1.2365591e+00   1.3172043e+00
   9.4800000e+00   1.5000000e+00   1.2365591e+00   1.3172043e+00
   9.5000000e+00   1.5000000e+00   1.2365591e+00   1.3172043e+00
   9.5200000e+00   1.5000000e+00   1.2316716e+00   1.3416422e+00
   9.5400000e+00   1.5000000e+00   1.2316716e+00   1.3416422e+00
   9.5600000e+00   1.5000000e+00   1.2316716e+00   1.3416422e+00
   9.5800000e+00   1.5000000e+00   1.2316716e+00   1.3416422e+00
   9.6000000e+00   1.5000000e+00   1.2365591e+00   1.3172043e+00
   9.6200000e+00   1.5000000e+00   1.2316716e+00   1.3416422e+00
   9.6400000e+00   1.5000000e+00   1.2316716e+00   1.3416422e+00
   9.6600000e+00   1.5000000e+00   1.2316716e+00   1.3416422e+00
   9.6800000e+00   1.5000000e+00   1.2365591e+00   1.3172043e+00
   9.7000000e+00   1.5000000e+00   1.2365591e+00   1.3172043e+00
   9.7200000e+00   1.5000000e+00   1.2414467e+00   1.2927664e+00
   9.7400000e+00   1.5000000e+00   1.2316716e+00   1.3416422e+00
   9.7600000e+00   1.5000000e+00   1.2267840e+00   1.3660802e+00
   9.7800000e+00   1.5000000e+00   1.2316716e+00   1.3416422e+00
   9.8000000e+00   1.5000000e+00   1.2365591e+00   1.3172043e+00
   9.8200000e+00   1.5000000e+00   1.2316716e+00   1.3416422e+00
   9.8400000e+00   1.5000000e+00   1.2316716e+00   1.3416422e+00
   9.8600000e+00   1.5000000e+00   1.2414467e+00   1.2927664e+00
   9.8800000e+00   1.5000000e+00   1.2365591e+00   1.3172043e+00
   9.9000000e+00   1.5000000e+00   1.2365591e+00   1.3172043e+00
   9.9200000e+00   1.5000000e+00   1.2414467e+00   1.2927664e+00
   9.9400000e+00   1.5000000e+00   1.2365591e+00   1.3172043e+00
   9.9600000e+00   1.5000000e+00   1.2365591e+00   1.3172043e+00
   9.9800000e+00   1.5000000e+00   1.2365591e+00   1.3172043e+00
   1.0000000e+01   1.0000000e+00   1.2365591e+00  -1.1827957e+00
