   0.0000000e+00   1.5000000e+00   0.0000000e+00   1.5000000e+02
   2.0000000e-02   1.5000000e+00   0.0000000e+00   1.5000000e+02
   4.0000000e-02   1.5000000e+00   9.2864125e-02   1.4071359e+02
   6.0000000e-02   1.5000000e+00   3.5679374e-01   1.1432063e+02
   8.0000000e-02   1.5000000e+00   9.8240469e-01   5.1759531e+01
   1.0000000e-01   1.5000000e+00   1.1339198e+00   3.6608016e+01
   1.2000000e-01   1.5000000e+00   1.2658847e+00   2.3411535e+01
   1.4000000e-01   1.5000000e+00   1.4467253e+00   5.3274682e+00
   1.6000000e-01   1.5000000e+00   1.6177908e+00  -1.1779081e+01
   1.8000000e-01   1.5000000e+00   1.6959922e+00  -1.9599218e+01
   2.0000000e-01   1.5000000e+00   1.7497556e+00  -2.4975562e+01
   2.2000000e-01   1.5000000e+00   1.7204301e+00  -2.2043011e+01
   2.4000000e-01   1.5000000e+00   1.6911046e+00  -1.9110459e+01
   2.6000000e-01   1.5000000e+00   1.6129032e+00  -1.1290323e+01
   2.8000000e-01   1.5000000e+00   1.5689150e+00  -6.8914956e+00
   3.0000000e-01   1.5000000e+00   1.5347019e+00  -3.4701857e+00
   3.2000000e-01   1.5000000e+00   1.4956012e+00   4.3988270e-01
   3.4000000e-01   1.5000000e+00   1.4711632e+00   2.8836755e+00
   3.6000000e-01   1.5000000e+00   1.4173998e+00   8.2600196e+00
   3.8000000e-01   1.5000000e+00   1.3978495e+00   1.0215054e+01
   4.0000000e-01   1.5000000e+00   1.4467253e+00   5.3274682e+00
   4.2000000e-01   1.5000000e+00   1.5298143e+00  -2.9814272e+00
   4.4000000e-01   1.5000000e+00   1.6275660e+00  -1.2756598e+01
   4.6000000e-01   1.5000000e+00   1.6813294e+00  -1.8132942e+01
   4.8000000e-01   1.5000000e+00   1.6617791e+00  -1.6177908e+01
   5.0000000e-01   1.5000000e+00   1.5640274e+00  -6.4027370e+00
   5.2000000e-01   1.5000000e+00   1.5102639e+00  -1.0263930e+00
   5.4000000e-01   1.5000000e+00   1.4760508e+00   2.3949169e+00
   5.6000000e-01   1.5000000e+00   1.4271750e+00   7.2825024e+00
   5.8000000e-01   1.5000000e+00   1.3978495e+00   1.0215054e+01
   6.0000000e-01   1.5000000e+00   1.4271750e+00   7.2825024e+00
   6.2000000e-01   1.5000000e+00   1.5298143e+00  -2.9814272e+00
   6.4000000e-01   1.5000000e+00   1.5982405e+00  -9.8240469e+00
   6.6000000e-01   1.5000000e+00   1.6568915e+00  -1.5689150e+01
   6.8000000e-01   1.5000000e+00   1.6568915e+00  -1.5689150e+01
   7.0000000e-01   1.5000000e+00   1.6275660e+00  -1.2756598e+01
   7.2000000e-01   1.5000000e+00   1.5982405e+00  -9.8240469e+00
   7.4000000e-01   1.5000000e+00   1.5542522e+00  -5.4252199e+00
   7.6000000e-01   1.5000000e+00   1.5249267e+00  -2.4926686e+00
   7.8000000e-01   1.5000000e+00   1.4711632e+00   2.8836755e+00
   8.0000000e-01   1.5000000e+00   1.4369501e+00   6.3049853e+00
   8.2000000e-01   1.5000000e+00   1.3929619e+00   1.0703812e+01
   8.4000000e-01   1.5000000e+00   1.4222874e+00   7.7712610e+00
   8.6000000e-01   1.5000000e+00   1.5249267e+00  -2.4926686e+00
   8.8000000e-01   1.5000000e+00   1.5786901e+00  -7.8690127e+00
   9.0000000e-01   1.5000000e+00   1.6471163e+00  -1.4711632e+01
   9.2000000e-01   1.5000000e+00   1.6031281e+00  -1.0312805e+01
   9.4000000e-01   1.5000000e+00   1.5542522e+00  -5.4252199e+00
   9.6000000e-01   1.5000000e+00   1.5151515e+00  -1.5151515e+00
   9.8000000e-01   1.5000000e+00   1.4760508e+00   2.3949169e+00
   1.0000000e+00   1.5000000e+00   1.4271750e+00   7.2825024e+00
   1.0200000e+00   1.5000000e+00   1.3929619e+00   1.0703812e+01
   1.0400000e+00   1.5000000e+00   1.5444770e+00  -4.4477028e+00
   1.0600000e+00   1.5000000e+00   1.6324536e+00  -1.3245357e+01
   1.0800000e+00   1.5000000e+00   1.6813294e+00  -1.8132942e+01
   1.1000000e+00   1.5000000e+00   1.6617791e+00  -1.6177908e+01
   1.1200000e+00   1.5000000e+00   1.6129032e+00  -1.1290323e+01
   1.1400000e+00   1.5000000e+00   1.5591398e+00  -5.9139785e+00
   1.1600000e+00   1.5000000e+00   1.4956012e+00   4.3988270e-01
   1.1800000e+00   1.5000000e+00   1.4516129e+00   4.8387097e+00
   1.2000000e+00   1.5000000e+00   1.4125122e+00   8.7487781e+00
   1.2200000e+00   1.5000000e+00   1.4027370e+00   9.7262952e+00
   1.2400000e+00   1.5000000e+00   1.4809384e+00   1.9061584e+00
   1.2600000e+00   1.5000000e+00   1.5542522e+00  -5.4252199e+00
   1.2800000e+00   1.5000000e+00   1.6324536e+00  -1.3245357e+01
   1.3000000e+00   1.5000000e+00   1.6520039e+00  -1.5200391e+01
   1.3200000e+00   1.5000000e+00   1.6177908e+00  -1.1779081e+01
   1.3400000e+00   1.5000000e+00   1.5542522e+00  -5.4252199e+00
   1.3600000e+00   1.5000000e+00   1.5200391e+00  -2.0039101e+00
   1.3800000e+00   1.5000000e+00   1.4907136e+00   9.2864125e-01
   1.4000000e+00   1.5000000e+00   1.2805474e+00   2.1945259e+01
   1.4200000e+00   1.5000000e+00   1.2365591e+00   2.6344086e+01
   1.4400000e+00   1.5000000e+00   1.2365591e+00   2.6344086e+01
   1.4600000e+00   1.5000000e+00   1.3196481e+00   1.8035191e+01
   1.4800000e+00   1.5000000e+00   1.4173998e+00   8.2600196e+00
   1.5000000e+00   1.5000000e+00   1.4662757e+00   3.3724340e+00
   1.5200000e+00   1.5000000e+00   1.5444770e+00  -4.4477028e+00
   1.5400000e+00   1.5000000e+00   1.6226784e+00  -1.2267840e+01
   1.5600000e+00   1.5000000e+00   1.6471163e+00  -1.4711632e+01
   1.5800000e+00   1.5000000e+00   1.6177908e+00  -1.1779081e+01
   1.6000000e+00   1.5000000e+00   1.6031281e+00  -1.0312805e+01
   1.6200000e+00   1.5000000e+00   1.5786901e+00  -7.8690127e+00
   1.6400000e+00   1.5000000e+00   1.5347019e+00  -3.4701857e+00
   1.6600000e+00   1.5000000e+00   1.5151515e+00  -1.5151515e+00
   1.6800000e+00   1.5000000e+00   1.4173998e+00   8.2600196e+00
   1.7000000e+00   1.5000000e+00   1.3098729e+00   1.9012708e+01
   1.7200000e+00   1.5000000e+00   1.3098729e+00   1.9012708e+01
   1.7400000e+00   1.5000000e+00   1.4320626e+00   6.7937439e+00
   1.7600000e+00   1.5000000e+00   1.5444770e+00  -4.4477028e+00
   1.7800000e+00   1.5000000e+00   1.6568915e+00  -1.5689150e+01
   1.8000000e+00   1.5000000e+00   1.7497556e+00  -2.4975562e+01
   1.8200000e+00   1.5000000e+00   1.7106549e+00  -2.1065494e+01
   1.8400000e+00   1.5000000e+00   1.6715543e+00  -1.7155425e+01
   1.8600000e+00   1.5000000e+00   1.6324536e+00  -1.3245357e+01
   1.8800000e+00   1.5000000e+00   1.5982405e+00  -9.8240469e+00
   1.9000000e+00   1.5000000e+00   1.5689150e+00  -6.8914956e+00
   1.9200000e+00   1.5000000e+00   1.5249267e+00  -2.4926686e+00
   1.9400000e+00   1.5000000e+00   1.4858260e+00   1.4173998e+00
   1.9600000e+00   1.5000000e+00   1.4418377e+00   5.8162268e+00
   1.9800000e+00   1.5000000e+00   1.3978495e+00   1.0215054e+01
   2.0000000e+00   1.0000000e+00   1.4369501e+00  -4.3695015e+01
   2.0200000e+00   1.0000000e+00   1.5444770e+00  -5.4447703e+01
   2.0400000e+00   1.0000000e+00   1.5982405e+00  -5.9824047e+01
   2.0600000e+00   1.0000000e+00   1.5738025e+00  -5.7380254e+01
   2.0800000e+00   1.0000000e+00   1.5640274e+00  -5.6402737e+01
   2.1000000e+00   1.0000000e+00   1.5493646e+00  -5.4936461e+01
   2.1200000e+00   1.0000000e+00   1.5200391e+00  -5.2003910e+01
   2.1400000e+00   1.0000000e+00   1.4907136e+00  -4.9071359e+01
   2.1600000e+00   1.0000000e+00   1.4516129e+00  -4.5161290e+01
   2.1800000e+00   1.0000000e+00   1.4076246e+00  -4.0762463e+01
   2.2000000e+00   1.0000000e+00   1.3636364e+00  -3.6363636e+01
   2.2200000e+00   1.0000000e+00   1.3294233e+00  -3.2942326e+01
   2.2400000e+00   1.0000000e+00   1.2756598e+00  -2.7565982e+01
   2.2600000e+00   1.0000000e+00   1.2316716e+00  -2.3167155e+01
   2.2800000e+00   1.0000000e+00   1.1876833e+00  -1.8768328e+01
   2.3000000e+00   1.0000000e+00   1.1534702e+00  -1.5347019e+01
   2.3200000e+00   1.0000000e+00   1.1045943e+00  -1.0459433e+01
   2.3400000e+00   1.0000000e+00   1.0215054e+00  -2.1505376e+00
   2.3600000e+00   1.0000000e+00   9.7751711e-01   2.2482893e+00
   2.3800000e+00   1.0000000e+00   9.3352884e-01   6.6471163e+00
   2.4000000e+00   1.0000000e+00   9.1397849e-01   8.6021505e+00
   2.4200000e+00   1.0000000e+00   9.8240469e-01   1.7595308e+00
   2.4400000e+00   1.0000000e+00   1.1388074e+00  -1.3880743e+01
   2.4600000e+00   1.0000000e+00   1.2365591e+00  -2.3655914e+01
   2.4800000e+00   1.0000000e+00   1.2756598e+00  -2.7565982e+01
   2.5000000e+00   1.0000000e+00   1.2561095e+00  -2.5610948e+01
   2.5200000e+00   1.0000000e+00   1.2267840e+00  -2.2678397e+01
   2.5400000e+00   1.0000000e+00   1.1925709e+00  -1.9257087e+01
   2.5600000e+00   1.0000000e+00   1.1534702e+00  -1.5347019e+01
   2.5800000e+00   1.0000000e+00   1.1192571e+00  -1.1925709e+01
   2.6000000e+00   1.0000000e+00   1.0801564e+00  -8.0156403e+00
   2.6200000e+00   1.0000000e+00   1.0361681e+00  -3.6168133e+00
   2.6400000e+00   1.0000000e+00   9.8240469e-01   1.7595308e+00
   2.6600000e+00   1.0000000e+00   9.5307918e-01   4.6920821e+00
   2.6800000e+00   1.0000000e+00   9.2375367e-01   7.6246334e+00
   2.7000000e+00   1.0000000e+00   9.3841642e-01   6.1583578e+00
   2.7200000e+00   1.0000000e+00   1.1045943e+00  -1.0459433e+01
   2.7400000e+00   1.0000000e+00   1.3196481e+00  -3.1964809e+01
   2.7600000e+00   1.0000000e+00   1.3929619e+00  -3.9296188e+01
   2.7800000e+00   1.0000000e+00   1.3831867e+00  -3.8318671e+01
   2.8000000e+00   1.0000000e+00   1.3391984e+00  -3.3919844e+01
   2.8200000e+00   1.0000000e+00   1.3049853e+00  -3.0498534e+01
   2.8400000e+00   1.0000000e+00   1.2658847e+00  -2.6588465e+01
   2.8600000e+00   1.0000000e+00   1.2267840e+00  -2.2678397e+01
   2.8800000e+00   1.0000000e+00   1.1632454e+00  -1.6324536e+01
   2.9000000e+00   1.0000000e+00   1.1241447e+00  -1.2414467e+01
   2.9200000e+00   1.0000000e+00   1.0899316e+00  -8.9931574e+00
   2.9400000e+00   1.0000000e+00   1.0068426e+00  -6.8426197e-01
   2.9600000e+00   1.0000000e+00   9.6285435e-01   3.7145650e+00
   2.9800000e+00   1.0000000e+00   9.2864125e-01   7.1358749e+00
   3.0000000e+00   1.0000000e+00   9.1886608e-01   8.1133920e+00
   3.0200000e+00   1.0000000e+00   9.9706745e-01   2.9325513e-01
   3.0400000e+00   1.0000000e+00   1.1339198e+00  -1.3391984e+01
   3.0600000e+00   1.0000000e+00   1.2463343e+00  -2.4633431e+01
   3.0800000e+00   1.0000000e+00   1.2512219e+00  -2.5122190e+01
   3.1000000e+00   1.0000000e+00   1.2170088e+00  -2.1700880e+01
   3.1200000e+00   1.0000000e+00   1.1730205e+00  -1.7302053e+01
   3.1400000e+00   1.0000000e+00   1.1290323e+00  -1.2903226e+01
   3.1600000e+00   1.0000000e+00   1.0948192e+00  -9.4819159e+00
   3.1800000e+00   1.0000000e+00   1.0508309e+00  -5.0830890e+00
   3.2000000e+00   1.0000000e+00   1.0068426e+00  -6.8426197e-01
   3.2200000e+00   1.0000000e+00   9.6774194e-01   3.2258065e+00
   3.2400000e+00   1.0000000e+00   8.9442815e-01   1.0557185e+01
   3.2600000e+00   1.0000000e+00   8.6510264e-01   1.3489736e+01
   3.2800000e+00   1.0000000e+00   9.5796676e-01   4.2033236e+00
   3.3000000e+00   1.0000000e+00   1.1290323e+00  -1.2903226e+01
   3.3200000e+00   1.0000000e+00   1.2658847e+00  -2.6588465e+01
   3.3400000e+00   1.0000000e+00   1.3294233e+00  -3.2942326e+01
   3.3600000e+00   1.0000000e+00   1.3245357e+00  -3.2453568e+01
   3.3800000e+00   1.0000000e+00   1.2707722e+00  -2.7077224e+01
   3.4000000e+00   1.0000000e+00   1.2365591e+00  -2.3655914e+01
   3.4200000e+00   1.0000000e+00   1.1974585e+00  -1.9745846e+01
   3.4400000e+00   1.0000000e+00   1.1534702e+00  -1.5347019e+01
   3.4600000e+00   1.0000000e+00   1.1339198e+00  -1.3391984e+01
   3.4800000e+00   1.0000000e+00   1.0997067e+00  -9.9706745e+00
   3.5000000e+00   1.0000000e+00   1.0703812e+00  -7.0381232e+00
   3.5200000e+00   1.0000000e+00   9.9217986e-01   7.8201369e-01
   3.5400000e+00   1.0000000e+00   9.4819159e-01   5.1808407e+00
   3.5600000e+00   1.0000000e+00   9.2375367e-01   7.6246334e+00
   3.5800000e+00   1.0000000e+00   9.2864125e-01   7.1358749e+00
   3.6000000e+00   1.0000000e+00   1.0312805e+00  -3.1280547e+00
   3.6200000e+00   1.0000000e+00   1.1730205e+00  -1.7302053e+01
   3.6400000e+00   1.0000000e+00   1.2805474e+00  -2.8054741e+01
   3.6600000e+00   1.0000000e+00   1.2609971e+00  -2.6099707e+01
   3.6800000e+00   1.0000000e+00   1.1925709e+00  -1.9257087e+01
   3.7000000e+00   1.0000000e+00   1.1583578e+00  -1.5835777e+01
   3.7200000e+00   1.0000000e+00   1.1192571e+00  -1.1925709e+01
   3.7400000e+00   1.0000000e+00   1.0410557e+00  -4.1055718e+00
   3.7600000e+00   1.0000000e+00   1.0117302e+00  -1.1730205e+00
   3.7800000e+00   1.0000000e+00   9.7751711e-01   2.2482893e+00
   3.8000000e+00   1.0000000e+00   9.4819159e-01   5.1808407e+00
   3.8200000e+00   1.0000000e+00   9.3352884e-01   6.6471163e+00
   3.8400000e+00   1.0000000e+00   1.0166178e+00  -1.6617791e+00
   3.8600000e+00   1.0000000e+00   1.1779081e+00  -1.7790811e+01
   3.8800000e+00   1.0000000e+00   1.2903226e+00  -2.9032258e+01
   3.9000000e+00   1.0000000e+00   1.2707722e+00  -2.7077224e+01
   3.9200000e+00   1.0000000e+00   1.2121212e+00  -2.1212121e+01
   3.9400000e+00   1.0000000e+00   1.1827957e+00  -1.8279570e+01
   3.9600000e+00   1.0000000e+00   1.1485826e+00  -1.4858260e+01
   3.9800000e+00   1.0000000e+00   1.1290323e+00  -1.2903226e+01
   4.0000000e+00   1.5000000e+00   1.0899316e+00   4.1006843e+01
   4.0200000e+00   1.5000000e+00   1.0508309e+00   4.4916911e+01
   4.0400000e+00   1.5000000e+00   1.0654936e+00   4.3450635e+01
   4.0600000e+00   1.5000000e+00   1.2414467e+00   2.5855327e+01
   4.0800000e+00   1.5000000e+00   1.4516129e+00   4.8387097e+00
   4.1000000e+00   1.5000000e+00   1.5738025e+00  -7.3802542e+00
   4.1200000e+00   1.5000000e+00   1.6471163e+00  -1.4711632e+01
   4.1400000e+00   1.5000000e+00   1.7448680e+00  -2.4486804e+01
   4.1600000e+00   1.5000000e+00   1.7106549e+00  -2.1065494e+01
   4.1800000e+00   1.5000000e+00   1.6813294e+00  -1.8132942e+01
   4.2000000e+00   1.5000000e+00   1.6129032e+00  -1.1290323e+01
   4.2200000e+00   1.5000000e+00   1.5786901e+00  -7.8690127e+00
   4.2400000e+00   1.5000000e+00   1.5347019e+00  -3.4701857e+00
   4.2600000e+00   1.5000000e+00   1.4956012e+00   4.3988270e-01
   4.2800000e+00   1.5000000e+00   1.4516129e+00   4.8387097e+00
   4.3000000e+00   1.5000000e+00   1.4271750e+00   7.2825024e+00
   4.3200000e+00   1.5000000e+00   1.4027370e+00   9.7262952e+00
   4.3400000e+00   1.5000000e+00   1.4809384e+00   1.9061584e+00
   4.3600000e+00   1.5000000e+00   1.6715543e+00  -1.7155425e+01
   4.3800000e+00   1.5000000e+00   1.7644184e+00  -2.6441838e+01
   4.4000000e+00   1.5000000e+00   1.7741935e+00  -2.7419355e+01
   4.4200000e+00   1.5000000e+00   1.7546432e+00  -2.5464321e+01
   4.4400000e+00   1.5000000e+00   1.7253177e+00  -2.2531769e+01
   4.4600000e+00   1.5000000e+00   1.6617791e+00  -1.6177908e+01
   4.4800000e+00   1.5000000e+00   1.6226784e+00  -1.2267840e+01
   4.5000000e+00   1.5000000e+00   1.5786901e+00  -7.8690127e+00
   4.5200000e+00   1.5000000e+00   1.5444770e+00  -4.4477028e+00
   4.5400000e+00   1.5000000e+00   1.5004888e+00  -4.8875855e-02
   4.5600000e+00   1.5000000e+00   1.2121212e+00   2.8787879e+01
   4.5800000e+00   1.5000000e+00   1.1779081e+00   3.2209189e+01
   4.6000000e+00   1.5000000e+00   1.1632454e+00   3.3675464e+01
   4.6200000e+00   1.5000000e+00   1.4369501e+00   6.3049853e+00
   4.6400000e+00   1.5000000e+00   1.6520039e+00  -1.5200391e+01
   4.6600000e+00   1.5000000e+00   1.7253177e+00  -2.2531769e+01
   4.6800000e+00   1.5000000e+00   1.7839687e+00  -2.8396872e+01
   4.7000000e+00   1.5000000e+00   1.7790811e+00  -2.7908113e+01
   4.7200000e+00   1.5000000e+00   1.7546432e+00  -2.5464321e+01
   4.7400000e+00   1.5000000e+00   1.7155425e+00  -2.1554252e+01
   4.7600000e+00   1.5000000e+00   1.6959922e+00  -1.9599218e+01
   4.7800000e+00   1.5000000e+00   1.6520039e+00  -1.5200391e+01
   4.8000000e+00   1.5000000e+00   1.6226784e+00  -1.2267840e+01
   4.8200000e+00   1.5000000e+00   1.5786901e+00  -7.8690127e+00
   4.8400000e+00   1.5000000e+00   1.5395894e+00  -3.9589443e+00
   4.8600000e+00   1.5000000e+00   1.5053763e+00  -5.3763441e-01
   4.8800000e+00   1.5000000e+00   1.4711632e+00   2.8836755e+00
   4.9000000e+00   1.5000000e+00   1.4320626e+00   6.7937439e+00
   4.9200000e+00   1.5000000e+00   1.4858260e+00   1.4173998e+00
   4.9400000e+00   1.5000000e+00   1.5347019e+00  -3.4701857e+00
   4.9600000e+00   1.5000000e+00   1.5786901e+00  -7.8690127e+00
   4.9800000e+00   1.5000000e+00   1.5738025e+00  -7.3802542e+00
   5.0000000e+00   1.5000000e+00   1.5542522e+00  -5.4252199e+00
   5.0200000e+00   1.5000000e+00   1.5200391e+00  -2.0039101e+00
   5.0400000e+00   1.5000000e+00   1.4956012e+00   4.3988270e-01
   5.0600000e+00   1.5000000e+00   1.4613881e+00   3.8611926e+00
   5.0800000e+00   1.5000000e+00   1.4320626e+00   6.7937439e+00
   5.1000000e+00   1.5000000e+00   1.4222874e+00   7.7712610e+00
   5.1200000e+00   1.5000000e+00   1.4907136e+00   9.2864125e-01
   5.1400000e+00   1.5000000e+00   1.5640274e+00  -6.4027370e+00
   5.1600000e+00   1.5000000e+00   1.6471163e+00  -1.4711632e+01
   5.1800000e+00   1.5000000e+00   1.6520039e+00  -1.5200391e+01
   5.2000000e+00   1.5000000e+00   1.6177908e+00  -1.1779081e+01
   5.2200000e+00   1.5000000e+00   1.5835777e+00  -8.3577713e+00
   5.2400000e+00   1.5000000e+00   1.4858260e+00   1.4173998e+00
   5.2600000e+00   1.5000000e+00   1.4613881e+00   3.8611926e+00
   5.2800000e+00   1.5000000e+00   1.4222874e+00   7.7712610e+00
   5.3000000e+00   1.5000000e+00   1.4222874e+00   7.7712610e+00
   5.3200000e+00   1.5000000e+00   1.4760508e+00   2.3949169e+00
   5.3400000e+00   1.5000000e+00   1.5640274e+00  -6.4027370e+00
   5.3600000e+00   1.5000000e+00   1.6373412e+00  -1.3734115e+01
   5.3800000e+00   1.5000000e+00   1.6520039e+00  -1.5200391e+01
   5.4000000e+00   1.5000000e+00   1.6373412e+00  -1.3734115e+01
   5.4200000e+00   1.5000000e+00   1.5835777e+00  -8.3577713e+00
   5.4400000e+00   1.5000000e+00   1.5395894e+00  -3.9589443e+00
   5.4600000e+00   1.5000000e+00   1.4858260e+00   1.4173998e+00
   5.4800000e+00   1.5000000e+00   1.4516129e+00   4.8387097e+00
   5.5000000e+00   1.5000000e+00   1.4076246e+00   9.2375367e+00
   5.5200000e+00   1.5000000e+00   1.6324536e+00  -1.3245357e+01
   5.5400000e+00   1.5000000e+00   1.7057674e+00  -2.0576735e+01
   5.5600000e+00   1.5000000e+00   1.7350929e+00  -2.3509286e+01
   5.5800000e+00   1.5000000e+00   1.7302053e+00  -2.3020528e+01
   5.6000000e+00   1.5000000e+00   1.6959922e+00  -1.9599218e+01
   5.6200000e+00   1.5000000e+00   1.6666667e+00  -1.6666667e+01
   5.6400000e+00   1.5000000e+00   1.6177908e+00  -1.1779081e+01
   5.6600000e+00   1.5000000e+00   1.5884653e+00  -8.8465298e+00
   5.6800000e+00   1.5000000e+00   1.5493646e+00  -4.9364614e+00
   5.7000000e+00   1.5000000e+00   1.5053763e+00  -5.3763441e-01
   5.7200000e+00   1.5000000e+00   1.4809384e+00   1.9061584e+00
   5.7400000e+00   1.5000000e+00   1.4467253e+00   5.3274682e+00
   5.7600000e+00   1.5000000e+00   1.4173998e+00   8.2600196e+00
   5.7800000e+00   1.5000000e+00   1.4271750e+00   7.2825024e+00
   5.8000000e+00   1.5000000e+00   1.5200391e+00  -2.0039101e+00
   5.8200000e+00   1.5000000e+00   1.6275660e+00  -1.2756598e+01
   5.8400000e+00   1.5000000e+00   1.6813294e+00  -1.8132942e+01
   5.8600000e+00   1.5000000e+00   1.6471163e+00  -1.4711632e+01
   5.8800000e+00   1.5000000e+00   1.5933529e+00  -9.3352884e+00
   5.9000000e+00   1.5000000e+00   1.5591398e+00  -5.9139785e+00
   5.9200000e+00   1.5000000e+00   1.5347019e+00  -3.4701857e+00
   5.9400000e+00   1.5000000e+00   1.5004888e+00  -4.8875855e-02
   5.9600000e+00   1.5000000e+00   1.4516129e+00   4.8387097e+00
   5.9800000e+00   1.5000000e+00   1.4076246e+00   9.2375367e+00
   6.0000000e+00   1.0000000e+00   1.3929619e+00  -3.9296188e+01
   6.0200000e+00   1.0000000e+00   1.4956012e+00  -4.9560117e+01
   6.0400000e+00   1.0000000e+00   1.5933529e+00  -5.9335288e+01
   6.0600000e+00   1.0000000e+00   1.5493646e+00  -5.4936461e+01
   6.0800000e+00   1.0000000e+00   1.4418377e+00  -4.4183773e+01
   6.1000000e+00   1.0000000e+00   1.3978495e+00  -3.9784946e+01
   6.1200000e+00   1.0000000e+00   1.3489736e+00  -3.4897361e+01
   6.1400000e+00   1.0000000e+00   1.2658847e+00  -2.6588465e+01
   6.1600000e+00   1.0000000e+00   1.2218964e+00  -2.2189638e+01
   6.1800000e+00   1.0000000e+00   1.1876833e+00  -1.8768328e+01
   6.2000000e+00   1.0000000e+00   1.1583578e+00  -1.5835777e+01
   6.2200000e+00   1.0000000e+00   1.1192571e+00  -1.1925709e+01
   6.2400000e+00   1.0000000e+00   1.0899316e+00  -8.9931574e+00
   6.2600000e+00   1.0000000e+00   1.0654936e+00  -6.5493646e+00
   6.2800000e+00   1.0000000e+00   1.0263930e+00  -2.6392962e+00
   6.3000000e+00   1.0000000e+00   9.8240469e-01   1.7595308e+00
   6.3200000e+00   1.0000000e+00   9.4819159e-01   5.1808407e+00
   6.3400000e+00   1.0000000e+00   9.2375367e-01   7.6246334e+00
   6.3600000e+00   1.0000000e+00   9.6285435e-01   3.7145650e+00
   6.3800000e+00   1.0000000e+00   1.1339198e+00  -1.3391984e+01
   6.4000000e+00   1.0000000e+00   1.4076246e+00  -4.0762463e+01
   6.4200000e+00   1.0000000e+00   1.4565005e+00  -4.5650049e+01
   6.4400000e+00   1.0000000e+00   1.4418377e+00  -4.4183773e+01
   6.4600000e+00   1.0000000e+00   1.4076246e+00  -4.0762463e+01
   6.4800000e+00   1.0000000e+00   1.3734115e+00  -3.7341153e+01
   6.5000000e+00   1.0000000e+00   1.3343109e+00  -3.3431085e+01
   6.5200000e+00   1.0000000e+00   1.3049853e+00  -3.0498534e+01
   6.5400000e+00   1.0000000e+00   1.2707722e+00  -2.7077224e+01
   6.5600000e+00   1.0000000e+00   1.2365591e+00  -2.3655914e+01
   6.5800000e+00   1.0000000e+00   1.2170088e+00  -2.1700880e+01
   6.6000000e+00   1.0000000e+00   1.1779081e+00  -1.7790811e+01
   6.6200000e+00   1.0000000e+00   1.1436950e+00  -1.4369501e+01
   6.6400000e+00   1.0000000e+00   1.1045943e+00  -1.0459433e+01
   6.6600000e+00   1.0000000e+00   8.1622678e-01   1.8377322e+01
   6.6800000e+00   1.0000000e+00   7.7223851e-01   2.2776149e+01
   6.7000000e+00   1.0000000e+00   7.7712610e-01   2.2287390e+01
   6.7200000e+00   1.0000000e+00   8.8465298e-01   1.1534702e+01
   6.7400000e+00   1.0000000e+00   1.0410557e+00  -4.1055718e+00
   6.7600000e+00   1.0000000e+00   1.1681329e+00  -1.6813294e+01
   6.7800000e+00   1.0000000e+00   1.2854350e+00  -2.8543500e+01
   6.8000000e+00   1.0000000e+00   1.2854350e+00  -2.8543500e+01
   6.8200000e+00   1.0000000e+00   1.2609971e+00  -2.6099707e+01
   6.8400000e+00   1.0000000e+00   1.2170088e+00  -2.1700880e+01
   6.8600000e+00   1.0000000e+00   1.1827957e+00  -1.8279570e+01
   6.8800000e+00   1.0000000e+00   1.1534702e+00  -1.5347019e+01
   6.9000000e+00   1.0000000e+00   1.1094819e+00  -1.0948192e+01
   6.9200000e+00   1.0000000e+00   1.0850440e+00  -8.5043988e+00
   6.9400000e+00   1.0000000e+00   1.0459433e+00  -4.5943304e+00
   6.9600000e+00   1.0000000e+00   1.0117302e+00  -1.1730205e+00
   6.9800000e+00   1.0000000e+00   9.9217986e-01   7.8201369e-01
   7.0000000e+00   1.0000000e+00   9.6774194e-01   3.2258065e+00
   7.0200000e+00   1.0000000e+00   9.3841642e-01   6.1583578e+00
   7.0400000e+00   1.0000000e+00   9.2864125e-01   7.1358749e+00
   7.0600000e+00   1.0000000e+00   9.9706745e-01   2.9325513e-01
   7.0800000e+00   1.0000000e+00   1.1388074e+00  -1.3880743e+01
   7.1000000e+00   1.0000000e+00   1.2854350e+00  -2.8543500e+01
   7.1200000e+00   1.0000000e+00   1.2952102e+00  -2.9521017e+01
   7.1400000e+00   1.0000000e+00   1.2854350e+00  -2.8543500e+01
   7.1600000e+00   1.0000000e+00   1.2561095e+00  -2.5610948e+01
   7.1800000e+00   1.0000000e+00   1.2121212e+00  -2.1212121e+01
   7.2000000e+00   1.0000000e+00   1.1827957e+00  -1.8279570e+01
   7.2200000e+00   1.0000000e+00   1.1436950e+00  -1.4369501e+01
   7.2400000e+00   1.0000000e+00   1.1143695e+00  -1.1436950e+01
   7.2600000e+00   1.0000000e+00   1.0752688e+00  -7.5268817e+00
   7.2800000e+00   1.0000000e+00   1.0361681e+00  -3.6168133e+00
   7.3000000e+00   1.0000000e+00   1.0019550e+00  -1.9550342e-01
   7.3200000e+00   1.0000000e+00   9.5307918e-01   4.6920821e+00
   7.3400000e+00   1.0000000e+00   8.9442815e-01   1.0557185e+01
   7.3600000e+00   1.0000000e+00   8.7487781e-01   1.2512219e+01
   7.3800000e+00   1.0000000e+00   9.6774194e-01   3.2258065e+00
   7.4000000e+00   1.0000000e+00   1.1045943e+00  -1.0459433e+01
   7.4200000e+00   1.0000000e+00   1.2609971e+00  -2.6099707e+01
   7.4400000e+00   1.0000000e+00   1.3049853e+00  -3.0498534e+01
   7.4600000e+00   1.0000000e+00   1.2854350e+00  -2.8543500e+01
   7.4800000e+00   1.0000000e+00   1.2365591e+00  -2.3655914e+01
   7.5000000e+00   1.0000000e+00   1.1974585e+00  -1.9745846e+01
   7.5200000e+00   1.0000000e+00   1.1534702e+00  -1.5347019e+01
   7.5400000e+00   1.0000000e+00   1.0703812e+00  -7.0381232e+00
   7.5600000e+00   1.0000000e+00   1.0166178e+00  -1.6617791e+00
   7.5800000e+00   1.0000000e+00   9.8729228e-01   1.2707722e+00
   7.6000000e+00   1.0000000e+00   9.5796676e-01   4.2033236e+00
   7.6200000e+00   1.0000000e+00   9.3352884e-01   6.6471163e+00
   7.6400000e+00   1.0000000e+00   9.5796676e-01   4.2033236e+00
   7.6600000e+00   1.0000000e+00   1.0361681e+00  -3.6168133e+00
   7.6800000e+00   1.0000000e+00   1.1388074e+00  -1.3880743e+01
   7.7000000e+00   1.0000000e+00   1.2267840e+00  -2.2678397e+01
   7.7200000e+00   1.0000000e+00   1.2121212e+00  -2.1212121e+01
   7.7400000e+00   1.0000000e+00   1.1730205e+00  -1.7302053e+01
   7.7600000e+00   1.0000000e+00   1.1339198e+00  -1.3391984e+01
   7.7800000e+00   1.0000000e+00   1.1045943e+00  -1.0459433e+01
   7.8000000e+00   1.0000000e+00   1.0166178e+00  -1.6617791e+00
   7.8200000e+00   1.0000000e+00   9.7751711e-01   2.2482893e+00
   7.8400000e+00   1.0000000e+00   9.4330401e-01   5.6695992e+00
   7.8600000e+00   1.0000000e+00   9.2864125e-01   7.1358749e+00
   7.8800000e+00   1.0000000e+00   1.0068426e+00  -6.8426197e-01
   7.9000000e+00   1.0000000e+00   1.1583578e+00  -1.5835777e+01
   7.9200000e+00   1.0000000e+00   1.2365591e+00  -2.3655914e+01
   7.9400000e+00   1.0000000e+00   1.2072336e+00  -2.0723363e+01
   7.9600000e+00   1.0000000e+00   1.1632454e+00  -1.6324536e+01
   7.9800000e+00   1.0000000e+00   1.1339198e+00  -1.3391984e+01
   8.0000000e+00   1.5000000e+00   1.0850440e+00   4.1495601e+01
   8.0200000e+00   1.5000000e+00   1.0508309e+00   4.4916911e+01
   8.0400000e+00   1.5000000e+00   1.0312805e+00   4.6871945e+01
   8.0600000e+00   1.5000000e+00   1.1534702e+00   3.4652981e+01
   8.0800000e+00   1.5000000e+00   1.3196481e+00   1.8035191e+01
   8.1000000e+00   1.5000000e+00   1.4760508e+00   2.3949169e+00
   8.1200000e+00   1.5000000e+00   1.5444770e+00  -4.4477028e+00
   8.1400000e+00   1.5000000e+00   1.6422287e+00  -1.4222874e+01
   8.1600000e+00   1.5000000e+00   1.6520039e+00  -1.5200391e+01
   8.1800000e+00   1.5000000e+00   1.6275660e+00  -1.2756598e+01
   8.2000000e+00   1.5000000e+00   1.5835777e+00  -8.3577713e+00
   8.2200000e+00   1.5000000e+00   1.5542522e+00  -5.4252199e+00
   8.2400000e+00   1.5000000e+00   1.5200391e+00  -2.0039101e+00
   8.2600000e+00   1.5000000e+00   1.4613881e+00   3.8611926e+00
   8.2800000e+00   1.5000000e+00   1.4173998e+00   8.2600196e+00
   8.3000000e+00   1.5000000e+00   1.3734115e+00   1.2658847e+01
   8.3200000e+00   1.5000000e+00   1.4222874e+00   7.7712610e+00
   8.3400000e+00   1.5000000e+00   1.5347019e+00  -3.4701857e+00
   8.3600000e+00   1.5000000e+00   1.7253177e+00  -2.2531769e+01
   8.3800000e+00   1.5000000e+00   1.7790811e+00  -2.7908113e+01
   8.4000000e+00   1.5000000e+00   1.7546432e+00  -2.5464321e+01
   8.4200000e+00   1.5000000e+00   1.6666667e+00  -1.6666667e+01
   8.4400000e+00   1.5000000e+00   1.6177908e+00  -1.1779081e+01
   8.4600000e+00   1.5000000e+00   1.5933529e+00  -9.3352884e+00
   8.4800000e+00   1.5000000e+00   1.5591398e+00  -5.9139785e+00
   8.5000000e+00   1.5000000e+00   1.5151515e+00  -1.5151515e+00
   8.5200000e+00   1.5000000e+00   1.4907136e+00   9.2864125e-01
   8.5400000e+00   1.5000000e+00   1.4565005e+00   4.3499511e+00
   8.5600000e+00   1.5000000e+00   1.4125122e+00   8.7487781e+00
   8.5800000e+00   1.5000000e+00   1.4173998e+00   8.2600196e+00
   8.6000000e+00   1.5000000e+00   1.5102639e+00  -1.0263930e+00
   8.6200000e+00   1.5000000e+00   1.6764418e+00  -1.7644184e+01
   8.6400000e+00   1.5000000e+00   1.7204301e+00  -2.2043011e+01
   8.6600000e+00   1.5000000e+00   1.7204301e+00  -2.2043011e+01
   8.6800000e+00   1.5000000e+00   1.6959922e+00  -1.9599218e+01
   8.7000000e+00   1.5000000e+00   1.6617791e+00  -1.6177908e+01
   8.7200000e+00   1.5000000e+00   1.5689150e+00  -6.8914956e+00
   8.7400000e+00   1.5000000e+00   1.5102639e+00  -1.0263930e+00
   8.7600000e+00   1.5000000e+00   1.4711632e+00   2.8836755e+00
   8.7800000e+00   1.5000000e+00   1.4320626e+00   6.7937439e+00
   8.8000000e+00   1.5000000e+00   1.4076246e+00   9.2375367e+00
   8.8200000e+00   1.5000000e+00   1.4320626e+00   6.7937439e+00
   8.8400000e+00   1.5000000e+00   1.5298143e+00  -2.9814272e+00
   8.8600000e+00   1.5000000e+00   1.6226784e+00  -1.2267840e+01
   8.8800000e+00   1.5000000e+00   1.7106549e+00  -2.1065494e+01
   8.9000000e+00   1.5000000e+00   1.7008798e+00  -2.0087977e+01
   8.9200000e+00   1.5000000e+00   1.6520039e+00  -1.5200391e+01
   8.9400000e+00   1.5000000e+00   1.5933529e+00  -9.3352884e+00
   8.9600000e+00   1.5000000e+00   1.5591398e+00  -5.9139785e+00
   8.9800000e+00   1.5000000e+00   1.5151515e+00  -1.5151515e+00
   9.0000000e+00   1.5000000e+00   1.4516129e+00   4.8387097e+00
   9.0200000e+00   1.5000000e+00   1.4222874e+00   7.7712610e+00
   9.0400000e+00   1.5000000e+00   1.4418377e+00   5.8162268e+00
   9.0600000e+00   1.5000000e+00   1.5640274e+00  -6.4027370e+00
   9.0800000e+00   1.5000000e+00   1.6422287e+00  -1.4222874e+01
   9.1000000e+00   1.5000000e+00   1.7008798e+00  -2.0087977e+01
   9.1200000e+00   1.5000000e+00   1.6715543e+00  -1.7155425e+01
   9.1400000e+00   1.5000000e+00   1.6324536e+00  -1.3245357e+01
   9.1600000e+00   1.5000000e+00   1.5786901e+00  -7.8690127e+00
   9.1800000e+00   1.5000000e+00   1.5298143e+00  -2.9814272e+00
   9.2000000e+00   1.5000000e+00   1.4956012e+00   4.3988270e-01
   9.2200000e+00   1.5000000e+00   1.4418377e+00   5.8162268e+00
   9.2400000e+00   1.5000000e+00   1.3929619e+00   1.0703812e+01
   9.2600000e+00   1.5000000e+00   1.3880743e+00   1.1192571e+01
   9.2800000e+00   1.5000000e+00   1.4907136e+00   9.2864125e-01
   9.3000000e+00   1.5000000e+00   1.6031281e+00  -1.0312805e+01
   9.3200000e+00   1.5000000e+00   1.6715543e+00  -1.7155425e+01
   9.3400000e+00   1.5000000e+00   1.6666667e+00  -1.6666667e+01
   9.3600000e+00   1.5000000e+00   1.6226784e+00  -1.2267840e+01
   9.3800000e+00   1.5000000e+00   1.5738025e+00  -7.3802542e+00
   9.4000000e+00   1.5000000e+00   1.5298143e+00  -2.9814272e+00
   9.4200000e+00   1.5000000e+00   1.4809384e+00   1.9061584e+00
   9.4400000e+00   1.5000000e+00   1.4222874e+00   7.7712610e+00
   9.4600000e+00   1.5000000e+00   1.3880743e+00   1.1192571e+01
   9.4800000e+00   1.5000000e+00   1.4320626e+00   6.7937439e+00
   9.5000000e+00   1.5000000e+00   1.5591398e+00  -5.9139785e+00
   9.5200000e+00   1.5000000e+00   1.6324536e+00  -1.3245357e+01
   9.5400000e+00   1.5000000e+00   1.6959922e+00  -1.9599218e+01
   9.5600000e+00   1.5000000e+00   1.6715543e+00  -1.7155425e+01
   9.5800000e+00   1.5000000e+00   1.6373412e+00  -1.3734115e+01
   9.6000000e+00   1.5000000e+00   1.5395894e+00  -3.9589443e+00
   9.6200000e+00   1.5000000e+00   1.4809384e+00   1.9061584e+00
   9.6400000e+00   1.5000000e+00   1.4418377e+00   5.8162268e+00
   9.6600000e+00   1.5000000e+00   1.4173998e+00   8.2600196e+00
   9.6800000e+00   1.5000000e+00   1.4173998e+00   8.2600196e+00
   9.7000000e+00   1.5000000e+00   1.5102639e+00  -1.0263930e+00
   9.7200000e+00   1.5000000e+00   1.6080156e+00  -1.0801564e+01
   9.7400000e+00   1.5000000e+00   1.6715543e+00  -1.7155425e+01
   9.7600000e+00   1.5000000e+00   1.6422287e+00  -1.4222874e+01
   9.7800000e+00   1.5000000e+00   1.5982405e+00  -9.8240469e+00
   9.8000000e+00   1.5000000e+00   1.5493646e+00  -4.9364614e+00
   9.8200000e+00   1.5000000e+00   1.4956012e+00   4.3988270e-01
   9.8400000e+00   1.5000000e+00   1.4565005e+00   4.3499511e+00
   9.8600000e+00   1.5000000e+00   1.4271750e+00   7.2825024e+00
   9.8800000e+00   1.5000000e+00   1.4369501e+00   6.3049853e+00
   9.9000000e+00   1.5000000e+00   1.5542522e+00  -5.4252199e+00
   9.9200000e+00   1.5000000e+00   1.6422287e+00  -1.4222874e+01
   9.9400000e+00   1.5000000e+00   1.7057674e+00  -2.0576735e+01
   9.9600000e+00   1.5000000e+00   1.6568915e+00  -1.5689150e+01
   9.9800000e+00   1.5000000e+00   1.5884653e+00  -8.8465298e+00
   1.0000000e+01   1.0000000e+00   1.5640274e+00  -5.6402737e+01
