   0.0000000e+00   1.5000000e+00   0.0000000e+00   0.0000000e+00
   2.0000000e-02   1.5000000e+00   0.0000000e+00   3.0000000e+00
   4.0000000e-02   1.5000000e+00   3.3235582e-01   6.0000000e+00
   6.0000000e-02   1.5000000e+00   4.4477028e-01   8.3352884e+00
   8.0000000e-02   1.5000000e+00   6.2561095e-01   1.0445748e+01
   1.0000000e-01   1.5000000e+00   7.9667644e-01   1.2194526e+01
   1.2000000e-01   1.5000000e+00   9.6285435e-01   1.3601173e+01
   1.4000000e-01   1.5000000e+00   1.1045943e+00   1.4675464e+01
   1.6000000e-01   1.5000000e+00   1.2512219e+00   1.5466276e+01
   1.8000000e-01   1.5000000e+00   1.3636364e+00   1.5963832e+01
   2.0000000e-01   1.5000000e+00   1.4907136e+00   1.6236559e+01
   2.2000000e-01   1.5000000e+00   1.5738025e+00   1.6255132e+01
   2.4000000e-01   1.5000000e+00   1.6715543e+00   1.6107527e+01
   2.6000000e-01   1.5000000e+00   1.7497556e+00   1.5764418e+01
   2.8000000e-01   1.5000000e+00   1.8572825e+00   1.5264907e+01
   3.0000000e-01   1.5000000e+00   1.9257087e+00   1.4550342e+01
   3.2000000e-01   1.5000000e+00   1.9794721e+00   1.3698925e+01
   3.4000000e-01   1.5000000e+00   2.0332356e+00   1.2739980e+01
   3.6000000e-01   1.5000000e+00   2.0576735e+00   1.1673509e+01
   3.8000000e-01   1.5000000e+00   2.0869990e+00   1.0558162e+01
   4.0000000e-01   1.5000000e+00   2.1358749e+00   9.3841642e+00
   4.2000000e-01   1.5000000e+00   2.1896383e+00   8.1124145e+00
   4.4000000e-01   1.5000000e+00   2.2336266e+00   6.7331378e+00
   4.6000000e-01   1.5000000e+00   2.2580645e+00   5.2658847e+00
   4.8000000e-01   1.5000000e+00   2.2776149e+00   3.7497556e+00
   5.0000000e-01   1.5000000e+00   2.2873900e+00   2.1945259e+00
   5.2000000e-01   1.5000000e+00   2.2825024e+00   6.1974585e-01
   5.4000000e-01   1.5000000e+00   2.2531769e+00  -9.4525904e-01
   5.6000000e-01   1.5000000e+00   2.1945259e+00  -2.4516129e+00
   5.8000000e-01   1.5000000e+00   2.1309873e+00  -3.8406647e+00
   6.0000000e-01   1.5000000e+00   2.0625611e+00  -5.1026393e+00
   6.2000000e-01   1.5000000e+00   2.0039101e+00  -6.2277615e+00
   6.4000000e-01   1.5000000e+00   1.9501466e+00  -7.2355816e+00
   6.6000000e-01   1.5000000e+00   1.9061584e+00  -8.1358749e+00
   6.8000000e-01   1.5000000e+00   1.8230694e+00  -8.9481916e+00
   7.0000000e-01   1.5000000e+00   1.7741935e+00  -9.5943304e+00
   7.2000000e-01   1.5000000e+00   1.7155425e+00  -1.0142717e+01
   7.4000000e-01   1.5000000e+00   1.6715543e+00  -1.0573803e+01
   7.6000000e-01   1.5000000e+00   1.6520039e+00  -1.0916911e+01
   7.8000000e-01   1.5000000e+00   1.5884653e+00  -1.1220919e+01
   8.0000000e-01   1.5000000e+00   1.5395894e+00  -1.1397849e+01
   8.2000000e-01   1.5000000e+00   1.4907136e+00  -1.1477028e+01
   8.4000000e-01   1.5000000e+00   1.4467253e+00  -1.1458456e+01
   8.6000000e-01   1.5000000e+00   1.3880743e+00  -1.1351906e+01
   8.8000000e-01   1.5000000e+00   1.3440860e+00  -1.1128055e+01
   9.0000000e-01   1.5000000e+00   1.3098729e+00  -1.0816227e+01
   9.2000000e-01   1.5000000e+00   1.2170088e+00  -1.0435973e+01
   9.4000000e-01   1.5000000e+00   1.1730205e+00  -9.8699902e+00
   9.6000000e-01   1.5000000e+00   1.1241447e+00  -9.2160313e+00
   9.8000000e-01   1.5000000e+00   1.0703812e+00  -8.4643206e+00
   1.0000000e+00   1.5000000e+00   1.0410557e+00  -7.6050831e+00
   1.0200000e+00   1.5000000e+00   9.9217986e-01  -6.6871945e+00
   1.0400000e+00   1.5000000e+00   9.5307918e-01  -5.6715543e+00
   1.0600000e+00   1.5000000e+00   9.1886608e-01  -4.5777126e+00
   1.0800000e+00   1.5000000e+00   8.8954057e-01  -3.4154448e+00
   1.1000000e+00   1.5000000e+00   8.4555230e-01  -2.1945259e+00
   1.1200000e+00   1.5000000e+00   8.1133920e-01  -8.8563050e-01
   1.1400000e+00   1.5000000e+00   7.7712610e-01   4.9169110e-01
   1.1600000e+00   1.5000000e+00   7.4291300e-01   1.9374389e+00
   1.1800000e+00   1.5000000e+00   7.2336266e-01   3.4516129e+00
   1.2000000e+00   1.5000000e+00   7.8201369e-01   5.0048876e+00
   1.2200000e+00   1.5000000e+00   8.6999022e-01   6.4408602e+00
   1.2400000e+00   1.5000000e+00   1.0166178e+00   7.7008798e+00
   1.2600000e+00   1.5000000e+00   1.1485826e+00   8.6676442e+00
   1.2800000e+00   1.5000000e+00   1.3147605e+00   9.3704790e+00
   1.3000000e+00   1.5000000e+00   1.5982405e+00   9.7409580e+00
   1.3200000e+00   1.5000000e+00   1.6715543e+00   9.5444770e+00
   1.3400000e+00   1.5000000e+00   1.7399804e+00   9.2013685e+00
   1.3600000e+00   1.5000000e+00   1.8084066e+00   8.7214076e+00
   1.3800000e+00   1.5000000e+00   1.8914956e+00   8.1045943e+00
   1.4000000e+00   1.5000000e+00   1.9501466e+00   7.3216031e+00
   1.4200000e+00   1.5000000e+00   2.0087977e+00   6.4213099e+00
   1.4400000e+00   1.5000000e+00   2.0527859e+00   5.4037146e+00
   1.4600000e+00   1.5000000e+00   2.0918866e+00   4.2981427e+00
   1.4800000e+00   1.5000000e+00   2.1260997e+00   3.1143695e+00
   1.5000000e+00   1.5000000e+00   2.1456500e+00   1.8621701e+00
   1.5200000e+00   1.5000000e+00   2.1212121e+00   5.7086999e-01
   1.5400000e+00   1.5000000e+00   2.0967742e+00  -6.7155425e-01
   1.5600000e+00   1.5000000e+00   2.0381232e+00  -1.8651026e+00
   1.5800000e+00   1.5000000e+00   1.9892473e+00  -2.9413490e+00
   1.6000000e+00   1.5000000e+00   1.9452590e+00  -3.9198436e+00
   1.6200000e+00   1.5000000e+00   1.9012708e+00  -4.8103617e+00
   1.6400000e+00   1.5000000e+00   1.8523949e+00  -5.6129032e+00
   1.6600000e+00   1.5000000e+00   1.7888563e+00  -6.3176931e+00
   1.6800000e+00   1.5000000e+00   1.7399804e+00  -6.8954057e+00
   1.7000000e+00   1.5000000e+00   1.6715543e+00  -7.3753666e+00
   1.7200000e+00   1.5000000e+00   1.6324536e+00  -7.7184751e+00
   1.7400000e+00   1.5000000e+00   1.5835777e+00  -7.9833822e+00
   1.7600000e+00   1.5000000e+00   1.4907136e+00  -8.1505376e+00
   1.7800000e+00   1.5000000e+00   1.4271750e+00  -8.1319648e+00
   1.8000000e+00   1.5000000e+00   1.3831867e+00  -7.9863148e+00
   1.8200000e+00   1.5000000e+00   1.3489736e+00  -7.7526882e+00
   1.8400000e+00   1.5000000e+00   1.3147605e+00  -7.4506354e+00
   1.8600000e+00   1.5000000e+00   1.2854350e+00  -7.0801564e+00
   1.8800000e+00   1.5000000e+00   1.2414467e+00  -6.6510264e+00
   1.9000000e+00   1.5000000e+00   1.2072336e+00  -6.1339198e+00
   1.9200000e+00   1.5000000e+00   1.1583578e+00  -5.5483871e+00
   1.9400000e+00   1.5000000e+00   1.1045943e+00  -4.8651026e+00
   1.9600000e+00   1.5000000e+00   1.0752688e+00  -4.0742913e+00
   1.9800000e+00   1.5000000e+00   1.0312805e+00  -3.2248289e+00
   2.0000000e+00   1.5000000e+00   9.8729228e-01  -2.2873900e+00
   2.0200000e+00   1.5000000e+00   9.3841642e-01  -1.2619746e+00
   2.0400000e+00   1.5000000e+00   9.0420332e-01  -1.3880743e-01
   2.0600000e+00   1.5000000e+00   8.6999022e-01   1.0527859e+00
   2.0800000e+00   1.5000000e+00   8.4066471e-01   2.3128055e+00
   2.1000000e+00   1.5000000e+00   8.6021505e-01   3.6314761e+00
   2.1200000e+00   1.5000000e+00   9.2864125e-01   4.9110459e+00
   2.1400000e+00   1.5000000e+00   1.0703812e+00   6.0537634e+00
   2.1600000e+00   1.5000000e+00   1.2121212e+00   6.9130010e+00
   2.1800000e+00   1.5000000e+00   1.3294233e+00   7.4887586e+00
   2.2000000e+00   1.5000000e+00   1.4125122e+00   7.8299120e+00
   2.2200000e+00   1.5000000e+00   1.5004888e+00   8.0048876e+00
   2.2400000e+00   1.5000000e+00   1.5982405e+00   8.0039101e+00
   2.2600000e+00   1.5000000e+00   1.6862170e+00   7.8074291e+00
   2.2800000e+00   1.5000000e+00   1.7937439e+00   7.4349951e+00
   2.3000000e+00   1.5000000e+00   1.9012708e+00   6.8475073e+00
   2.3200000e+00   1.5000000e+00   1.9696970e+00   6.0449658e+00
   2.3400000e+00   1.5000000e+00   2.0332356e+00   5.1055718e+00
   2.3600000e+00   1.5000000e+00   2.0772239e+00   4.0391007e+00
   2.3800000e+00   1.5000000e+00   2.1065494e+00   2.8846530e+00
   2.4000000e+00   1.5000000e+00   2.1163245e+00   1.6715543e+00
   2.4200000e+00   1.5000000e+00   2.1163245e+00   4.3890518e-01
   2.4400000e+00   1.5000000e+00   2.0967742e+00  -7.9374389e-01
   2.4600000e+00   1.5000000e+00   2.0478983e+00  -1.9872923e+00
   2.4800000e+00   1.5000000e+00   2.0087977e+00  -3.0830890e+00
   2.5000000e+00   1.5000000e+00   1.9599218e+00  -4.1006843e+00
   2.5200000e+00   1.5000000e+00   1.9208211e+00  -5.0205279e+00
   2.5400000e+00   1.5000000e+00   1.8523949e+00  -5.8621701e+00
   2.5600000e+00   1.5000000e+00   1.8132942e+00  -6.5669599e+00
   2.5800000e+00   1.5000000e+00   1.7693060e+00  -7.1935484e+00
   2.6000000e+00   1.5000000e+00   1.7302053e+00  -7.7321603e+00
   2.6200000e+00   1.5000000e+00   1.6715543e+00  -8.1925709e+00
   2.6400000e+00   1.5000000e+00   1.6324536e+00  -8.5356794e+00
   2.6600000e+00   1.5000000e+00   1.5884653e+00  -8.8005865e+00
   2.6800000e+00   1.5000000e+00   1.5298143e+00  -8.9775171e+00
   2.7000000e+00   1.5000000e+00   1.4760508e+00  -9.0371457e+00
   2.7200000e+00   1.5000000e+00   1.4320626e+00  -8.9892473e+00
   2.7400000e+00   1.5000000e+00   1.3831867e+00  -8.8533724e+00
   2.7600000e+00   1.5000000e+00   1.3440860e+00  -8.6197458e+00
   2.7800000e+00   1.5000000e+00   1.2805474e+00  -8.3079179e+00
   2.8000000e+00   1.5000000e+00   1.2316716e+00  -7.8690127e+00
   2.8200000e+00   1.5000000e+00   1.1974585e+00  -7.3323558e+00
   2.8400000e+00   1.5000000e+00   1.1632454e+00  -6.7272727e+00
   2.8600000e+00   1.5000000e+00   1.1143695e+00  -6.0537634e+00
   2.8800000e+00   1.5000000e+00   1.0606061e+00  -5.2825024e+00
   2.9000000e+00   1.5000000e+00   1.0166178e+00  -4.4037146e+00
   2.9200000e+00   1.5000000e+00   9.7262952e-01  -3.4369501e+00
   2.9400000e+00   1.5000000e+00   9.3841642e-01  -2.3822092e+00
   2.9600000e+00   1.5000000e+00   9.0420332e-01  -1.2590420e+00
   2.9800000e+00   1.5000000e+00   8.6021505e-01  -6.7448680e-02
   3.0000000e+00   1.5000000e+00   8.1622678e-01   1.2121212e+00
   3.0200000e+00   1.5000000e+00   7.8690127e-01   2.5796676e+00
   3.0400000e+00   1.5000000e+00   7.9667644e-01   4.0058651e+00
   3.0600000e+00   1.5000000e+00   8.9442815e-01   5.4125122e+00
   3.0800000e+00   1.5000000e+00   1.0361681e+00   6.6236559e+00
   3.1000000e+00   1.5000000e+00   1.1974585e+00   7.5513196e+00
   3.1200000e+00   1.5000000e+00   1.3196481e+00   8.1564027e+00
   3.1400000e+00   1.5000000e+00   1.5835777e+00   8.5171065e+00
   3.1600000e+00   1.5000000e+00   1.6764418e+00   8.3499511e+00
   3.1800000e+00   1.5000000e+00   1.7693060e+00   7.9970674e+00
   3.2000000e+00   1.5000000e+00   1.8377322e+00   7.4584555e+00
   3.2200000e+00   1.5000000e+00   1.8914956e+00   6.7829912e+00
   3.2400000e+00   1.5000000e+00   1.9305963e+00   6.0000000e+00
   3.2600000e+00   1.5000000e+00   1.9843597e+00   5.1388074e+00
   3.2800000e+00   1.5000000e+00   2.0332356e+00   4.1700880e+00
   3.3000000e+00   1.5000000e+00   2.0674487e+00   3.1036168e+00
   3.3200000e+00   1.5000000e+00   2.0772239e+00   1.9687195e+00
   3.3400000e+00   1.5000000e+00   2.0869990e+00   8.1427175e-01
   3.3600000e+00   1.5000000e+00   2.0430108e+00  -3.5972630e-01
   3.3800000e+00   1.5000000e+00   2.0087977e+00  -1.4457478e+00
   3.4000000e+00   1.5000000e+00   1.9550342e+00  -2.4633431e+00
   3.4200000e+00   1.5000000e+00   1.9012708e+00  -3.3734115e+00
   3.4400000e+00   1.5000000e+00   1.8475073e+00  -4.1759531e+00
   3.4600000e+00   1.5000000e+00   1.8035191e+00  -4.8709677e+00
   3.4800000e+00   1.5000000e+00   1.6813294e+00  -5.4780059e+00
   3.5000000e+00   1.5000000e+00   1.6422287e+00  -5.8406647e+00
   3.5200000e+00   1.5000000e+00   1.6031281e+00  -6.1251222e+00
   3.5400000e+00   1.5000000e+00   1.5640274e+00  -6.3313783e+00
   3.5600000e+00   1.5000000e+00   1.5298143e+00  -6.4594330e+00
   3.5800000e+00   1.5000000e+00   1.4907136e+00  -6.5190616e+00
   3.6000000e+00   1.5000000e+00   1.3538612e+00  -6.5004888e+00
   3.6200000e+00   1.5000000e+00   1.1241447e+00  -6.2082111e+00
   3.6400000e+00   1.5000000e+00   1.0899316e+00  -5.4565005e+00
   3.6600000e+00   1.5000000e+00   1.0508309e+00  -4.6363636e+00
   3.6800000e+00   1.5000000e+00   1.0263930e+00  -3.7380254e+00
   3.7000000e+00   1.5000000e+00   9.9706745e-01  -2.7908113e+00
   3.7200000e+00   1.5000000e+00   9.5796676e-01  -1.7849462e+00
   3.7400000e+00   1.5000000e+00   9.3841642e-01  -7.0087977e-01
   3.7600000e+00   1.5000000e+00   9.0909091e-01   4.2228739e-01
   3.7800000e+00   1.5000000e+00   8.7976540e-01   1.6041056e+00
   3.8000000e+00   1.5000000e+00   8.5532747e-01   2.8445748e+00
   3.8200000e+00   1.5000000e+00   8.7976540e-01   4.1339198e+00
   3.8400000e+00   1.5000000e+00   9.3841642e-01   5.3743891e+00
   3.8600000e+00   1.5000000e+00   1.0410557e+00   6.4975562e+00
   3.8800000e+00   1.5000000e+00   1.1779081e+00   7.4154448e+00
   3.9000000e+00   1.5000000e+00   1.3098729e+00   8.0596285e+00
   3.9200000e+00   1.5000000e+00   1.4125122e+00   8.4398827e+00
   3.9400000e+00   1.5000000e+00   1.5493646e+00   8.6148583e+00
   3.9600000e+00   1.5000000e+00   1.6568915e+00   8.5161290e+00
   3.9800000e+00   1.5000000e+00   1.7350929e+00   8.2023460e+00
   4.0000000e+00   1.5000000e+00   1.8084066e+00   7.7321603e+00
   4.0200000e+00   1.5000000e+00   1.8670577e+00   7.1153470e+00
   4.0400000e+00   1.5000000e+00   1.8963832e+00   6.3812317e+00
   4.0600000e+00   1.5000000e+00   1.9403715e+00   5.5884653e+00
   4.0800000e+00   1.5000000e+00   1.9843597e+00   4.7077224e+00
   4.1000000e+00   1.5000000e+00   2.0185728e+00   3.7390029e+00
   4.1200000e+00   1.5000000e+00   2.0527859e+00   2.7018573e+00
   4.1400000e+00   1.5000000e+00   2.0674487e+00   1.5962854e+00
   4.1600000e+00   1.5000000e+00   2.0625611e+00   4.6138807e-01
   4.1800000e+00   1.5000000e+00   2.0283480e+00  -6.6373412e-01
   4.2000000e+00   1.5000000e+00   1.9990225e+00  -1.7204301e+00
   4.2200000e+00   1.5000000e+00   1.9452590e+00  -2.7184751e+00
   4.2400000e+00   1.5000000e+00   1.8963832e+00  -3.6089932e+00
   4.2600000e+00   1.5000000e+00   1.8377322e+00  -4.4017595e+00
   4.2800000e+00   1.5000000e+00   1.7888563e+00  -5.0772239e+00
   4.3000000e+00   1.5000000e+00   1.7497556e+00  -5.6549365e+00
   4.3200000e+00   1.5000000e+00   1.6715543e+00  -6.1544477e+00
   4.3400000e+00   1.5000000e+00   1.6422287e+00  -6.4975562e+00
   4.3600000e+00   1.5000000e+00   1.5395894e+00  -6.7820137e+00
   4.3800000e+00   1.5000000e+00   1.5004888e+00  -6.8611926e+00
   4.4000000e+00   1.5000000e+00   1.4711632e+00  -6.8621701e+00
   4.4200000e+00   1.5000000e+00   1.4222874e+00  -6.8044966e+00
   4.4400000e+00   1.5000000e+00   1.3734115e+00  -6.6490714e+00
   4.4600000e+00   1.5000000e+00   1.3294233e+00  -6.3958944e+00
   4.4800000e+00   1.5000000e+00   1.2903226e+00  -6.0547410e+00
   4.5000000e+00   1.5000000e+00   1.2463343e+00  -5.6353861e+00
   4.5200000e+00   1.5000000e+00   1.1827957e+00  -5.1280547e+00
   4.5400000e+00   1.5000000e+00   1.1388074e+00  -4.4936461e+00
   4.5600000e+00   1.5000000e+00   1.0752688e+00  -3.7712610e+00
   4.5800000e+00   1.5000000e+00   1.0312805e+00  -2.9217986e+00
   4.6000000e+00   1.5000000e+00   9.9217986e-01  -1.9843597e+00
   4.6200000e+00   1.5000000e+00   9.4819159e-01  -9.6871945e-01
   4.6400000e+00   1.5000000e+00   8.9442815e-01   1.3489736e-01
   4.6600000e+00   1.5000000e+00   8.6021505e-01   1.3460411e+00
   4.6800000e+00   1.5000000e+00   8.4555230e-01   2.6256109e+00
   4.7000000e+00   1.5000000e+00   8.4066471e-01   3.9345064e+00
   4.7200000e+00   1.5000000e+00   8.7487781e-01   5.2531769e+00
   4.7400000e+00   1.5000000e+00   9.9217986e-01   6.5034213e+00
   4.7600000e+00   1.5000000e+00   1.1388074e+00   7.5190616e+00
   4.7800000e+00   1.5000000e+00   1.3196481e+00   8.2414467e+00
   4.8000000e+00   1.5000000e+00   1.4516129e+00   8.6021505e+00
   4.8200000e+00   1.5000000e+00   1.5689150e+00   8.6989247e+00
   4.8400000e+00   1.5000000e+00   1.7790811e+00   8.5610948e+00
   4.8600000e+00   1.5000000e+00   1.8572825e+00   8.0029326e+00
   4.8800000e+00   1.5000000e+00   1.9257087e+00   7.2883675e+00
   4.9000000e+00   1.5000000e+00   1.9794721e+00   6.4369501e+00
   4.9200000e+00   1.5000000e+00   2.0185728e+00   5.4780059e+00
   4.9400000e+00   1.5000000e+00   2.0478983e+00   4.4408602e+00
   4.9600000e+00   1.5000000e+00   2.0723363e+00   3.3450635e+00
   4.9800000e+00   1.5000000e+00   2.0869990e+00   2.2003910e+00
   5.0000000e+00   1.0000000e+00   2.0918866e+00   1.0263930e+00
   5.0200000e+00   1.0000000e+00   2.0723363e+00  -1.1573803e+00
   5.0400000e+00   1.0000000e+00   2.0185728e+00  -3.3020528e+00
   5.0600000e+00   1.0000000e+00   1.9696970e+00  -5.3391984e+00
   5.0800000e+00   1.0000000e+00   1.9305963e+00  -7.2785924e+00
   5.1000000e+00   1.0000000e+00   1.8621701e+00  -9.1397849e+00
   5.1200000e+00   1.0000000e+00   1.8230694e+00  -1.0864125e+01
   5.1400000e+00   1.0000000e+00   1.7741935e+00  -1.2510264e+01
   5.1600000e+00   1.0000000e+00   1.7253177e+00  -1.4058651e+01
   5.1800000e+00   1.0000000e+00   1.6715543e+00  -1.5509286e+01
   5.2000000e+00   1.0000000e+00   1.6226784e+00  -1.6852395e+01
   5.2200000e+00   1.0000000e+00   1.5738025e+00  -1.8097752e+01
   5.2400000e+00   1.0000000e+00   1.5200391e+00  -1.9245357e+01
   5.2600000e+00   1.0000000e+00   1.4711632e+00  -2.0285435e+01
   5.2800000e+00   1.0000000e+00   1.4222874e+00  -2.1227761e+01
   5.3000000e+00   1.0000000e+00   1.3196481e+00  -2.2072336e+01
   5.3200000e+00   1.0000000e+00   1.2854350e+00  -2.2711632e+01
   5.3400000e+00   1.0000000e+00   1.2561095e+00  -2.3282502e+01
   5.3600000e+00   1.0000000e+00   1.2023460e+00  -2.3794721e+01
   5.3800000e+00   1.0000000e+00   1.1534702e+00  -2.4199413e+01
   5.4000000e+00   1.0000000e+00   1.1192571e+00  -2.4506354e+01
   5.4200000e+00   1.0000000e+00   1.0899316e+00  -2.4744868e+01
   5.4400000e+00   1.0000000e+00   1.0361681e+00  -2.4924731e+01
   5.4600000e+00   1.0000000e+00   1.0068426e+00  -2.4997067e+01
   5.4800000e+00   1.0000000e+00   9.7262952e-01  -2.5010753e+01
   5.5000000e+00   1.0000000e+00   9.3841642e-01  -2.4956012e+01
   5.5200000e+00   1.0000000e+00   8.8954057e-01  -2.4832845e+01
   5.5400000e+00   1.0000000e+00   8.6510264e-01  -2.4611926e+01
   5.5600000e+00   1.0000000e+00   8.1622678e-01  -2.4342131e+01
   5.5800000e+00   1.0000000e+00   7.6735093e-01  -2.3974585e+01
   5.6000000e+00   1.0000000e+00   7.3802542e-01  -2.3509286e+01
   5.6200000e+00   1.0000000e+00   7.0869990e-01  -2.2985337e+01
   5.6400000e+00   1.0000000e+00   6.5982405e-01  -2.2402737e+01
   5.6600000e+00   1.0000000e+00   6.2072336e-01  -2.1722385e+01
   5.6800000e+00   1.0000000e+00   5.9139785e-01  -2.0963832e+01
   5.7000000e+00   1.0000000e+00   5.5229717e-01  -2.0146628e+01
   5.7200000e+00   1.0000000e+00   5.1319648e-01  -1.9251222e+01
   5.7400000e+00   1.0000000e+00   4.7898338e-01  -1.8277615e+01
   5.7600000e+00   1.0000000e+00   4.4965787e-01  -1.7235582e+01
   5.7800000e+00   1.0000000e+00   4.1055718e-01  -1.6134897e+01
   5.8000000e+00   1.0000000e+00   3.8123167e-01  -1.4956012e+01
   5.8200000e+00   1.0000000e+00   3.4213099e-01  -1.3718475e+01
   5.8400000e+00   1.0000000e+00   3.1280547e-01  -1.2402737e+01
   5.8600000e+00   1.0000000e+00   2.4926686e-01  -1.1028348e+01
   5.8800000e+00   1.0000000e+00   2.2971652e-01  -9.5268817e+00
   5.9000000e+00   1.0000000e+00   2.0527859e-01  -7.9863148e+00
   5.9200000e+00   1.0000000e+00   1.7595308e-01  -6.3968719e+00
   5.9400000e+00   1.0000000e+00   1.4662757e-01  -4.7487781e+00
   5.9600000e+00   1.0000000e+00   1.0752688e-01  -3.0420332e+00
   5.9800000e+00   1.0000000e+00   8.3088954e-02  -1.2570870e+00
   6.0000000e+00   1.0000000e+00   5.8651026e-02   5.7673509e-01
   6.0200000e+00   1.0000000e+00   3.9100684e-02   2.4594330e+00
   6.0400000e+00   1.0000000e+00   8.7976540e-02   4.3812317e+00
   6.0600000e+00   1.0000000e+00   2.2971652e-01   6.2052786e+00
   6.0800000e+00   1.0000000e+00   4.5454545e-01   7.7458456e+00
   6.1000000e+00   1.0000000e+00   6.5982405e-01   8.8367546e+00
   6.1200000e+00   1.0000000e+00   8.9442815e-01   9.5171065e+00
   6.1400000e+00   1.0000000e+00   1.0557185e+00   9.7282502e+00
   6.1600000e+00   1.0000000e+00   1.2609971e+00   9.6168133e+00
   6.1800000e+00   1.0000000e+00   1.4271750e+00   9.0948192e+00
   6.2000000e+00   1.0000000e+00   1.5102639e+00   8.2404692e+00
   6.2200000e+00   1.0000000e+00   1.6422287e+00   7.2199413e+00
   6.2400000e+00   1.0000000e+00   1.7399804e+00   5.9354839e+00
   6.2600000e+00   1.0000000e+00   1.9012708e+00   4.4555230e+00
   6.2800000e+00   1.0000000e+00   1.9452590e+00   2.6529814e+00
   6.3000000e+00   1.0000000e+00   1.9794721e+00   7.6246334e-01
   6.3200000e+00   1.0000000e+00   1.9794721e+00  -1.1964809e+00
   6.3400000e+00   1.0000000e+00   1.9452590e+00  -3.1554252e+00
   6.3600000e+00   1.0000000e+00   1.9208211e+00  -5.0459433e+00
   6.3800000e+00   1.0000000e+00   1.8621701e+00  -6.8875855e+00
   6.4000000e+00   1.0000000e+00   1.8132942e+00  -8.6119257e+00
   6.4200000e+00   1.0000000e+00   1.7546432e+00  -1.0238514e+01
   6.4400000e+00   1.0000000e+00   1.7008798e+00  -1.1747801e+01
   6.4600000e+00   1.0000000e+00   1.6520039e+00  -1.3149560e+01
   6.4800000e+00   1.0000000e+00   1.6031281e+00  -1.4453568e+01
   6.5000000e+00   1.0000000e+00   1.5493646e+00  -1.5659824e+01
   6.5200000e+00   1.0000000e+00   1.5102639e+00  -1.6758553e+01
   6.5400000e+00   1.0000000e+00   1.4418377e+00  -1.7779081e+01
   6.5600000e+00   1.0000000e+00   1.3831867e+00  -1.8662757e+01
   6.5800000e+00   1.0000000e+00   1.3538612e+00  -1.9429130e+01
   6.6000000e+00   1.0000000e+00   1.3147605e+00  -2.0136852e+01
   6.6200000e+00   1.0000000e+00   1.2609971e+00  -2.0766373e+01
   6.6400000e+00   1.0000000e+00   1.2170088e+00  -2.1288368e+01
   6.6600000e+00   1.0000000e+00   1.1681329e+00  -2.1722385e+01
   6.6800000e+00   1.0000000e+00   1.1339198e+00  -2.2058651e+01
   6.7000000e+00   1.0000000e+00   1.0948192e+00  -2.2326491e+01
   6.7200000e+00   1.0000000e+00   1.0117302e+00  -2.2516129e+01
   6.7400000e+00   1.0000000e+00   9.6285435e-01  -2.2539589e+01
   6.7600000e+00   1.0000000e+00   9.2375367e-01  -2.2465298e+01
   6.7800000e+00   1.0000000e+00   8.8465298e-01  -2.2312805e+01
   6.8000000e+00   1.0000000e+00   8.4555230e-01  -2.2082111e+01
   6.8200000e+00   1.0000000e+00   8.0645161e-01  -2.1773216e+01
   6.8400000e+00   1.0000000e+00   7.4780059e-01  -2.1386119e+01
   6.8600000e+00   1.0000000e+00   7.2336266e-01  -2.0881720e+01
   6.8800000e+00   1.0000000e+00   6.7937439e-01  -2.0328446e+01
   6.9000000e+00   1.0000000e+00   6.3049853e-01  -1.9687195e+01
   6.9200000e+00   1.0000000e+00   5.9139785e-01  -1.8948192e+01
   6.9400000e+00   1.0000000e+00   5.6207234e-01  -1.8130987e+01
   6.9600000e+00   1.0000000e+00   5.3274682e-01  -1.7255132e+01
   6.9800000e+00   1.0000000e+00   4.9364614e-01  -1.6320626e+01
   7.0000000e+00   1.0000000e+00   4.5943304e-01  -1.5307918e+01
   7.0200000e+00   1.0000000e+00   4.1544477e-01  -1.4226784e+01
   7.0400000e+00   1.0000000e+00   3.9100684e-01  -1.3057674e+01
   7.0600000e+00   1.0000000e+00   3.4701857e-01  -1.1839687e+01
   7.0800000e+00   1.0000000e+00   3.2258065e-01  -1.0533724e+01
   7.1000000e+00   1.0000000e+00   2.6392962e-01  -9.1788856e+00
   7.1200000e+00   1.0000000e+00   2.4926686e-01  -7.7067449e+00
   7.1400000e+00   1.0000000e+00   2.0039101e-01  -6.2052786e+00
   7.1600000e+00   1.0000000e+00   1.8084066e-01  -4.6060606e+00
   7.1800000e+00   1.0000000e+00   1.3685239e-01  -2.9677419e+00
   7.2000000e+00   1.0000000e+00   1.1730205e-01  -1.2414467e+00
   7.2200000e+00   1.0000000e+00   8.7976540e-02   5.2394917e-01
   7.2400000e+00   1.0000000e+00   5.8651026e-02   2.3479961e+00
   7.2600000e+00   1.0000000e+00   7.8201369e-02   4.2306940e+00
   7.2800000e+00   1.0000000e+00   1.9550342e-01   6.0742913e+00
   7.3000000e+00   1.0000000e+00   3.6656891e-01   7.6832845e+00
   7.3200000e+00   1.0000000e+00   6.0606061e-01   8.9501466e+00
   7.3400000e+00   1.0000000e+00   8.3577713e-01   9.7380254e+00
   7.3600000e+00   1.0000000e+00   1.0557185e+00   1.0066471e+01
   7.3800000e+00   1.0000000e+00   1.2512219e+00   9.9550342e+00
   7.4000000e+00   1.0000000e+00   1.4173998e+00   9.4525904e+00
   7.4200000e+00   1.0000000e+00   1.5493646e+00   8.6177908e+00
   7.4400000e+00   1.0000000e+00   1.6422287e+00   7.5190616e+00
   7.4600000e+00   1.0000000e+00   1.7106549e+00   6.2346041e+00
   7.4800000e+00   1.0000000e+00   1.7986315e+00   4.8132942e+00
   7.5000000e+00   1.0000000e+00   1.8426197e+00   3.2160313e+00
   7.5200000e+00   1.0000000e+00   1.8866080e+00   1.5307918e+00
   7.5400000e+00   1.0000000e+00   1.8963832e+00  -2.4242424e-01
   7.5600000e+00   1.0000000e+00   1.8914956e+00  -2.0351906e+00
   7.5800000e+00   1.0000000e+00   1.8523949e+00  -3.8181818e+00
   7.6000000e+00   1.0000000e+00   1.8132942e+00  -5.5229717e+00
   7.6200000e+00   1.0000000e+00   1.7595308e+00  -7.1495601e+00
   7.6400000e+00   1.0000000e+00   1.7057674e+00  -8.6686217e+00
   7.6600000e+00   1.0000000e+00   1.6471163e+00  -1.0080156e+01
   7.6800000e+00   1.0000000e+00   1.5982405e+00  -1.1374389e+01
   7.7000000e+00   1.0000000e+00   1.5444770e+00  -1.2570870e+01
   7.7200000e+00   1.0000000e+00   1.5053763e+00  -1.3659824e+01
   7.7400000e+00   1.0000000e+00   1.4613881e+00  -1.4670577e+01
   7.7600000e+00   1.0000000e+00   1.3587488e+00  -1.5593353e+01
   7.7800000e+00   1.0000000e+00   1.3196481e+00  -1.6310850e+01
   7.8000000e+00   1.0000000e+00   1.2609971e+00  -1.6950147e+01
   7.8200000e+00   1.0000000e+00   1.2170088e+00  -1.7472141e+01
   7.8400000e+00   1.0000000e+00   1.1534702e+00  -1.7906158e+01
   7.8600000e+00   1.0000000e+00   1.1045943e+00  -1.8213099e+01
   7.8800000e+00   1.0000000e+00   1.0654936e+00  -1.8422287e+01
   7.9000000e+00   1.0000000e+00   1.0410557e+00  -1.8553275e+01
   7.9200000e+00   1.0000000e+00   1.0215054e+00  -1.8635386e+01
   7.9400000e+00   1.0000000e+00   9.8729228e-01  -1.8678397e+01
   7.9600000e+00   1.0000000e+00   9.5307918e-01  -1.8652981e+01
   7.9800000e+00   1.0000000e+00   9.2375367e-01  -1.8559140e+01
   8.0000000e+00   1.0000000e+00   8.8465298e-01  -1.8406647e+01
   8.0200000e+00   1.0000000e+00   8.5532747e-01  -1.8175953e+01
   8.0400000e+00   1.0000000e+00   8.1133920e-01  -1.7886608e+01
   8.0600000e+00   1.0000000e+00   7.7223851e-01  -1.7509286e+01
   8.0800000e+00   1.0000000e+00   7.5268817e-01  -1.7053763e+01
   8.1000000e+00   1.0000000e+00   6.9403715e-01  -1.6559140e+01
   8.1200000e+00   1.0000000e+00   6.5982405e-01  -1.5947214e+01
   8.1400000e+00   1.0000000e+00   6.3049853e-01  -1.5266862e+01
   8.1600000e+00   1.0000000e+00   5.8651026e-01  -1.4527859e+01
   8.1800000e+00   1.0000000e+00   5.4740958e-01  -1.3700880e+01
   8.2000000e+00   1.0000000e+00   5.1319648e-01  -1.2795699e+01
   8.2200000e+00   1.0000000e+00   4.8387097e-01  -1.1822092e+01
   8.2400000e+00   1.0000000e+00   4.5454545e-01  -1.0789834e+01
   8.2600000e+00   1.0000000e+00   3.7634409e-01  -9.6989247e+00
   8.2800000e+00   1.0000000e+00   3.3724340e-01  -8.4516129e+00
   8.3000000e+00   1.0000000e+00   2.9814272e-01  -7.1260997e+00
   8.3200000e+00   1.0000000e+00   2.6881720e-01  -5.7223851e+00
   8.3400000e+00   1.0000000e+00   2.3460411e-01  -4.2600196e+00
   8.3600000e+00   1.0000000e+00   2.0039101e-01  -2.7292278e+00
   8.3800000e+00   1.0000000e+00   1.6617791e-01  -1.1300098e+00
   8.4000000e+00   1.0000000e+00   1.3196481e-01   5.3763441e-01
   8.4200000e+00   1.0000000e+00   1.0752688e-01   2.2737048e+00
   8.4400000e+00   1.0000000e+00   1.1241447e-01   4.0586510e+00
   8.4600000e+00   1.0000000e+00   2.2971652e-01   5.8338221e+00
   8.4800000e+00   1.0000000e+00   3.7634409e-01   7.3743891e+00
   8.5000000e+00   1.0000000e+00   5.5718475e-01   8.6217009e+00
   8.5200000e+00   1.0000000e+00   7.9178886e-01   9.5073314e+00
   8.5400000e+00   1.0000000e+00   9.4819159e-01   9.9237537e+00
   8.5600000e+00   1.0000000e+00   1.1143695e+00   1.0027370e+01
   8.5800000e+00   1.0000000e+00   1.2512219e+00   9.7986315e+00
   8.6000000e+00   1.0000000e+00   1.3734115e+00   9.2961877e+00
   8.6200000e+00   1.0000000e+00   1.4858260e+00   8.5493646e+00
   8.6400000e+00   1.0000000e+00   1.5835777e+00   7.5777126e+00
   8.6600000e+00   1.0000000e+00   1.6764418e+00   6.4105572e+00
   8.6800000e+00   1.0000000e+00   1.7790811e+00   5.0576735e+00
   8.7000000e+00   1.0000000e+00   1.8572825e+00   3.4995112e+00
   8.7200000e+00   1.0000000e+00   1.9061584e+00   1.7849462e+00
   8.7400000e+00   1.0000000e+00   1.9354839e+00  -2.7370479e-02
   8.7600000e+00   1.0000000e+00   1.9257087e+00  -1.8983382e+00
   8.7800000e+00   1.0000000e+00   1.8768328e+00  -3.7497556e+00
   8.8000000e+00   1.0000000e+00   1.8279570e+00  -5.5034213e+00
   8.8200000e+00   1.0000000e+00   1.7839687e+00  -7.1593353e+00
   8.8400000e+00   1.0000000e+00   1.7204301e+00  -8.7272727e+00
   8.8600000e+00   1.0000000e+00   1.6666667e+00  -1.0168133e+01
   8.8800000e+00   1.0000000e+00   1.6177908e+00  -1.1501466e+01
   8.9000000e+00   1.0000000e+00   1.5640274e+00  -1.2737048e+01
   8.9200000e+00   1.0000000e+00   1.5151515e+00  -1.3865103e+01
   8.9400000e+00   1.0000000e+00   1.4662757e+00  -1.4895406e+01
   8.9600000e+00   1.0000000e+00   1.4173998e+00  -1.5827957e+01
   8.9800000e+00   1.0000000e+00   1.3734115e+00  -1.6662757e+01
   9.0000000e+00   1.0000000e+00   1.3245357e+00  -1.7409580e+01
   9.0200000e+00   1.0000000e+00   1.2854350e+00  -1.8058651e+01
   9.0400000e+00   1.0000000e+00   1.2316716e+00  -1.8629521e+01
   9.0600000e+00   1.0000000e+00   1.1925709e+00  -1.9092864e+01
   9.0800000e+00   1.0000000e+00   1.1388074e+00  -1.9478006e+01
   9.1000000e+00   1.0000000e+00   1.0997067e+00  -1.9755621e+01
   9.1200000e+00   1.0000000e+00   1.0654936e+00  -1.9955034e+01
   9.1400000e+00   1.0000000e+00   1.0117302e+00  -2.0086022e+01
   9.1600000e+00   1.0000000e+00   9.7262952e-01  -2.0109482e+01
   9.1800000e+00   1.0000000e+00   9.3352884e-01  -2.0054741e+01
   9.2000000e+00   1.0000000e+00   8.8954057e-01  -1.9921799e+01
   9.2200000e+00   1.0000000e+00   8.4066471e-01  -1.9700880e+01
   9.2400000e+00   1.0000000e+00   8.1133920e-01  -1.9382209e+01
   9.2600000e+00   1.0000000e+00   7.7223851e-01  -1.9004888e+01
   9.2800000e+00   1.0000000e+00   7.2825024e-01  -1.8549365e+01
   9.3000000e+00   1.0000000e+00   6.9403715e-01  -1.8005865e+01
   9.3200000e+00   1.0000000e+00   6.5982405e-01  -1.7393939e+01
   9.3400000e+00   1.0000000e+00   6.2072336e-01  -1.6713587e+01
   9.3600000e+00   1.0000000e+00   5.7673509e-01  -1.5955034e+01
   9.3800000e+00   1.0000000e+00   5.3763441e-01  -1.5108504e+01
   9.4000000e+00   1.0000000e+00   4.9853372e-01  -1.4183773e+01
   9.4200000e+00   1.0000000e+00   4.5943304e-01  -1.3180841e+01
   9.4400000e+00   1.0000000e+00   4.4477028e-01  -1.2099707e+01
   9.4600000e+00   1.0000000e+00   3.9100684e-01  -1.0989247e+01
   9.4800000e+00   1.0000000e+00   3.6168133e-01  -9.7712610e+00
   9.5000000e+00   1.0000000e+00   3.2746823e-01  -8.4946237e+00
   9.5200000e+00   1.0000000e+00   2.8836755e-01  -7.1495601e+00
   9.5400000e+00   1.0000000e+00   2.5904203e-01  -5.7262952e+00
   9.5600000e+00   1.0000000e+00   2.2482893e-01  -4.2443793e+00
   9.5800000e+00   1.0000000e+00   1.9550342e-01  -2.6940371e+00
   9.6000000e+00   1.0000000e+00   1.6129032e-01  -1.0850440e+00
   9.6200000e+00   1.0000000e+00   1.2218964e-01   5.9237537e-01
   9.6400000e+00   1.0000000e+00   9.7751711e-02   2.3479961e+00
   9.6600000e+00   1.0000000e+00   1.4173998e-01   4.1524927e+00
   9.6800000e+00   1.0000000e+00   2.7370479e-01   5.8690127e+00
   9.7000000e+00   1.0000000e+00   4.9853372e-01   7.3216031e+00
   9.7200000e+00   1.0000000e+00   6.9403715e-01   8.3245357e+00
   9.7400000e+00   1.0000000e+00   8.5043988e-01   8.9364614e+00
   9.7600000e+00   1.0000000e+00   1.0557185e+00   9.2355816e+00
   9.7800000e+00   1.0000000e+00   1.2854350e+00   9.1241447e+00
   9.8000000e+00   1.0000000e+00   1.4271750e+00   8.5532747e+00
   9.8200000e+00   1.0000000e+00   1.5542522e+00   7.6989247e+00
   9.8400000e+00   1.0000000e+00   1.6275660e+00   6.5904203e+00
   9.8600000e+00   1.0000000e+00   1.7008798e+00   5.3352884e+00
   9.8800000e+00   1.0000000e+00   1.7839687e+00   3.9335288e+00
   9.9000000e+00   1.0000000e+00   1.8377322e+00   2.3655914e+00
   9.9200000e+00   1.0000000e+00   1.8719453e+00   6.9012708e-01
   9.9400000e+00   1.0000000e+00   1.8768328e+00  -1.0537634e+00
   9.9600000e+00   1.0000000e+00   1.8475073e+00  -2.8074291e+00
   9.9800000e+00   1.0000000e+00   1.7595308e+00  -4.5024438e+00
   1.0000000e+01   1.5000000e+00   1.7155425e+00  -6.0215054e+00
   1.0020000e+01   1.5000000e+00   1.6568915e+00  -6.4525904e+00
   1.0040000e+01   1.5000000e+00   1.5982405e+00  -6.7663734e+00
   1.0060000e+01   1.5000000e+00   1.5542522e+00  -6.9628543e+00
   1.0080000e+01   1.5000000e+00   1.5151515e+00  -7.0713587e+00
   1.0100000e+01   1.5000000e+00   1.4809384e+00  -7.1016618e+00
   1.0120000e+01   1.5000000e+00   1.4418377e+00  -7.0635386e+00
   1.0140000e+01   1.5000000e+00   1.4173998e+00  -6.9472141e+00
   1.0160000e+01   1.5000000e+00   1.3538612e+00  -6.7820137e+00
   1.0180000e+01   1.5000000e+00   1.3147605e+00  -6.4897361e+00
   1.0200000e+01   1.5000000e+00   1.2707722e+00  -6.1192571e+00
   1.0220000e+01   1.5000000e+00   1.2170088e+00  -5.6608016e+00
   1.0240000e+01   1.5000000e+00   1.1681329e+00  -5.0948192e+00
   1.0260000e+01   1.5000000e+00   1.1094819e+00  -4.4310850e+00
   1.0280000e+01   1.5000000e+00   1.0508309e+00  -3.6500489e+00
   1.0300000e+01   1.5000000e+00   1.0068426e+00  -2.7517107e+00
   1.0320000e+01   1.5000000e+00   9.7751711e-01  -1.7653959e+00
   1.0340000e+01   1.5000000e+00   9.3841642e-01  -7.2043011e-01
   1.0360000e+01   1.5000000e+00   9.0909091e-01   4.0273705e-01
   1.0380000e+01   1.5000000e+00   8.7487781e-01   1.5845552e+00
   1.0400000e+01   1.5000000e+00   8.6021505e-01   2.8347996e+00
   1.0420000e+01   1.5000000e+00   8.9442815e-01   4.1143695e+00
   1.0440000e+01   1.5000000e+00   9.7262952e-01   5.3255132e+00
   1.0460000e+01   1.5000000e+00   1.1192571e+00   6.3802542e+00
   1.0480000e+01   1.5000000e+00   1.2707722e+00   7.1417400e+00
   1.0500000e+01   1.5000000e+00   1.4320626e+00   7.6001955e+00
   1.0520000e+01   1.5000000e+00   1.5444770e+00   7.7360704e+00
   1.0540000e+01   1.5000000e+00   1.6568915e+00   7.6471163e+00
   1.0560000e+01   1.5000000e+00   1.7546432e+00   7.3333333e+00
   1.0580000e+01   1.5000000e+00   1.8328446e+00   6.8240469e+00
   1.0600000e+01   1.5000000e+00   1.8963832e+00   6.1583578e+00
   1.0620000e+01   1.5000000e+00   1.9648094e+00   5.3655914e+00
   1.0640000e+01   1.5000000e+00   2.0185728e+00   4.4359726e+00
   1.0660000e+01   1.5000000e+00   2.0527859e+00   3.3988270e+00
   1.0680000e+01   1.5000000e+00   2.0674487e+00   2.2932551e+00
   1.0700000e+01   1.5000000e+00   2.0723363e+00   1.1583578e+00
   1.0720000e+01   1.5000000e+00   2.0478983e+00   1.3685239e-02
   1.0740000e+01   1.5000000e+00   2.0039101e+00  -1.0821114e+00
   1.0760000e+01   1.5000000e+00   1.9452590e+00  -2.0899316e+00
   1.0780000e+01   1.5000000e+00   1.9012708e+00  -2.9804497e+00
   1.0800000e+01   1.5000000e+00   1.8670577e+00  -3.7829912e+00
   1.0820000e+01   1.5000000e+00   1.8084066e+00  -4.5171065e+00
   1.0840000e+01   1.5000000e+00   1.7644184e+00  -5.1339198e+00
   1.0860000e+01   1.5000000e+00   1.7106549e+00  -5.6627566e+00
   1.0880000e+01   1.5000000e+00   1.6471163e+00  -6.0840665e+00
   1.0900000e+01   1.5000000e+00   1.5982405e+00  -6.3782991e+00
   1.0920000e+01   1.5000000e+00   1.5493646e+00  -6.5747801e+00
   1.0940000e+01   1.5000000e+00   1.5053763e+00  -6.6735093e+00
   1.0960000e+01   1.5000000e+00   1.4516129e+00  -6.6842620e+00
   1.0980000e+01   1.5000000e+00   1.4222874e+00  -6.5874878e+00
   1.1000000e+01   1.5000000e+00   1.3587488e+00  -6.4320626e+00
   1.1020000e+01   1.5000000e+00   1.3098729e+00  -6.1495601e+00
   1.1040000e+01   1.5000000e+00   1.2756598e+00  -5.7693060e+00
   1.1060000e+01   1.5000000e+00   1.2267840e+00  -5.3206256e+00
   1.1080000e+01   1.5000000e+00   1.1827957e+00  -4.7741935e+00
   1.1100000e+01   1.5000000e+00   1.1290323e+00  -4.1397849e+00
   1.1120000e+01   1.5000000e+00   1.0899316e+00  -3.3978495e+00
   1.1140000e+01   1.5000000e+00   1.0410557e+00  -2.5777126e+00
   1.1160000e+01   1.5000000e+00   9.9706745e-01  -1.6598240e+00
   1.1180000e+01   1.5000000e+00   9.7262952e-01  -6.5395894e-01
   1.1200000e+01   1.5000000e+00   9.2375367e-01   4.0078201e-01
   1.1220000e+01   1.5000000e+00   8.9442815e-01   1.5532747e+00
   1.1240000e+01   1.5000000e+00   8.5532747e-01   2.7644184e+00
   1.1260000e+01   1.5000000e+00   8.8465298e-01   4.0537634e+00
   1.1280000e+01   1.5000000e+00   9.7751711e-01   5.2844575e+00
   1.1300000e+01   1.5000000e+00   1.0948192e+00   6.3294233e+00
   1.1320000e+01   1.5000000e+00   1.2658847e+00   7.1397849e+00
   1.1340000e+01   1.5000000e+00   1.4076246e+00   7.6080156e+00
   1.1360000e+01   1.5000000e+00   1.5444770e+00   7.7927664e+00
   1.1380000e+01   1.5000000e+00   1.6520039e+00   7.7038123e+00
   1.1400000e+01   1.5000000e+00   1.7497556e+00   7.3998045e+00
   1.1420000e+01   1.5000000e+00   1.8279570e+00   6.9002933e+00
   1.1440000e+01   1.5000000e+00   1.8963832e+00   6.2443793e+00
   1.1460000e+01   1.5000000e+00   1.9648094e+00   5.4516129e+00
   1.1480000e+01   1.5000000e+00   2.0136852e+00   4.5219941e+00
   1.1500000e+01   1.5000000e+00   2.0478983e+00   3.4946237e+00
   1.1520000e+01   1.5000000e+00   2.0625611e+00   2.3988270e+00
   1.1540000e+01   1.5000000e+00   2.0625611e+00   1.2737048e+00
   1.1560000e+01   1.5000000e+00   2.0527859e+00   1.4858260e-01
   1.1580000e+01   1.5000000e+00   2.0185728e+00  -9.5698925e-01
   1.1600000e+01   1.5000000e+00   1.9648094e+00  -1.9941349e+00
   1.1620000e+01   1.5000000e+00   1.9208211e+00  -2.9237537e+00
   1.1640000e+01   1.5000000e+00   1.8621701e+00  -3.7653959e+00
   1.1660000e+01   1.5000000e+00   1.8181818e+00  -4.4897361e+00
   1.1680000e+01   1.5000000e+00   1.7350929e+00  -5.1260997e+00
   1.1700000e+01   1.5000000e+00   1.6813294e+00  -5.5962854e+00
   1.1720000e+01   1.5000000e+00   1.6177908e+00  -5.9589443e+00
   1.1740000e+01   1.5000000e+00   1.5738025e+00  -6.1945259e+00
   1.1760000e+01   1.5000000e+00   1.5347019e+00  -6.3421310e+00
   1.1780000e+01   1.5000000e+00   1.4956012e+00  -6.4115347e+00
   1.1800000e+01   1.5000000e+00   1.4516129e+00  -6.4027370e+00
   1.1820000e+01   1.5000000e+00   1.4076246e+00  -6.3059629e+00
   1.1840000e+01   1.5000000e+00   1.3782991e+00  -6.1212121e+00
   1.1860000e+01   1.5000000e+00   1.3049853e+00  -5.8778104e+00
   1.1880000e+01   1.5000000e+00   1.2658847e+00  -5.4877810e+00
   1.1900000e+01   1.5000000e+00   1.2218964e+00  -5.0195503e+00
   1.1920000e+01   1.5000000e+00   1.1827957e+00  -4.4633431e+00
   1.1940000e+01   1.5000000e+00   1.1436950e+00  -3.8289345e+00
   1.1960000e+01   1.5000000e+00   1.0850440e+00  -3.1163245e+00
   1.1980000e+01   1.5000000e+00   1.0508309e+00  -2.2864125e+00
   1.2000000e+01   1.5000000e+00   1.0068426e+00  -1.3880743e+00
   1.2020000e+01   1.5000000e+00   9.7751711e-01  -4.0175953e-01
   1.2040000e+01   1.5000000e+00   9.4330401e-01   6.4320626e-01
   1.2060000e+01   1.5000000e+00   8.6999022e-01   1.7565982e+00
   1.2080000e+01   1.5000000e+00   8.6510264e-01   3.0166178e+00
   1.2100000e+01   1.5000000e+00   8.9931574e-01   4.2864125e+00
   1.2120000e+01   1.5000000e+00   9.9217986e-01   5.4877810e+00
   1.2140000e+01   1.5000000e+00   1.1436950e+00   6.5034213e+00
   1.2160000e+01   1.5000000e+00   1.2952102e+00   7.2160313e+00
   1.2180000e+01   1.5000000e+00   1.4418377e+00   7.6256109e+00
   1.2200000e+01   1.5000000e+00   1.5689150e+00   7.7419355e+00
   1.2220000e+01   1.5000000e+00   1.6715543e+00   7.6041056e+00
   1.2240000e+01   1.5000000e+00   1.7497556e+00   7.2609971e+00
   1.2260000e+01   1.5000000e+00   1.8181818e+00   6.7614858e+00
   1.2280000e+01   1.5000000e+00   1.8817204e+00   6.1251222e+00
   1.2300000e+01   1.5000000e+00   1.9257087e+00   5.3616813e+00
   1.2320000e+01   1.5000000e+00   1.9843597e+00   4.5102639e+00
   1.2340000e+01   1.5000000e+00   2.0234604e+00   3.5415445e+00
   1.2360000e+01   1.5000000e+00   2.0478983e+00   2.4946237e+00
   1.2380000e+01   1.5000000e+00   2.0478983e+00   1.3988270e+00
   1.2400000e+01   1.5000000e+00   2.0283480e+00   3.0303030e-01
   1.2420000e+01   1.5000000e+00   1.9941349e+00  -7.5366569e-01
   1.2440000e+01   1.5000000e+00   1.9501466e+00  -1.7419355e+00
   1.2460000e+01   1.5000000e+00   1.8963832e+00  -2.6422287e+00
   1.2480000e+01   1.5000000e+00   1.8426197e+00  -3.4349951e+00
   1.2500000e+01   1.5000000e+00   1.7986315e+00  -4.1202346e+00
   1.2520000e+01   1.5000000e+00   1.7497556e+00  -4.7174976e+00
   1.2540000e+01   1.5000000e+00   1.6911046e+00  -5.2170088e+00
   1.2560000e+01   1.5000000e+00   1.6422287e+00  -5.5992180e+00
   1.2580000e+01   1.5000000e+00   1.5884653e+00  -5.8836755e+00
   1.2600000e+01   1.5000000e+00   1.5395894e+00  -6.0606061e+00
   1.2620000e+01   1.5000000e+00   1.4956012e+00  -6.1397849e+00
   1.2640000e+01   1.5000000e+00   1.4369501e+00  -6.1309873e+00
   1.2660000e+01   1.5000000e+00   1.3831867e+00  -6.0048876e+00
   1.2680000e+01   1.5000000e+00   1.3440860e+00  -5.7712610e+00
   1.2700000e+01   1.5000000e+00   1.3098729e+00  -5.4594330e+00
   1.2720000e+01   1.5000000e+00   1.2658847e+00  -5.0791789e+00
   1.2740000e+01   1.5000000e+00   1.2121212e+00  -4.6109482e+00
   1.2760000e+01   1.5000000e+00   1.1681329e+00  -4.0351906e+00
   1.2780000e+01   1.5000000e+00   1.1241447e+00  -3.3714565e+00
   1.2800000e+01   1.5000000e+00   1.0801564e+00  -2.6197458e+00
   1.2820000e+01   1.5000000e+00   1.0312805e+00  -1.7800587e+00
   1.2840000e+01   1.5000000e+00   9.9217986e-01  -8.4261975e-01
   1.2860000e+01   1.5000000e+00   9.5796676e-01   1.7302053e-01
   1.2880000e+01   1.5000000e+00   9.2375367e-01   1.2570870e+00
   1.2900000e+01   1.5000000e+00   8.9442815e-01   2.4095797e+00
   1.2920000e+01   1.5000000e+00   9.1397849e-01   3.6207234e+00
   1.2940000e+01   1.5000000e+00   9.6774194e-01   4.7927664e+00
   1.2960000e+01   1.5000000e+00   1.0997067e+00   5.8572825e+00
   1.2980000e+01   1.5000000e+00   1.2463343e+00   6.6578690e+00
   1.3000000e+01   1.5000000e+00   1.4076246e+00   7.1652004e+00
   1.3020000e+01   1.5000000e+00   1.5249267e+00   7.3499511e+00
   1.3040000e+01   1.5000000e+00   1.6666667e+00   7.3000978e+00
   1.3060000e+01   1.5000000e+00   1.7839687e+00   6.9667644e+00
   1.3080000e+01   1.5000000e+00   1.8621701e+00   6.3988270e+00
   1.3100000e+01   1.5000000e+00   1.9403715e+00   5.6744868e+00
   1.3120000e+01   1.5000000e+00   2.0039101e+00   4.7937439e+00
   1.3140000e+01   1.5000000e+00   2.0381232e+00   3.7859238e+00
   1.3160000e+01   1.5000000e+00   2.0625611e+00   2.7096774e+00
   1.3180000e+01   1.5000000e+00   2.0772239e+00   1.5845552e+00
   1.3200000e+01   1.5000000e+00   2.0527859e+00   4.3010753e-01
   1.3220000e+01   1.5000000e+00   2.0136852e+00  -6.7546432e-01
   1.3240000e+01   1.5000000e+00   1.9794721e+00  -1.7028348e+00
   1.3260000e+01   1.5000000e+00   1.9305963e+00  -2.6617791e+00
   1.3280000e+01   1.5000000e+00   1.8914956e+00  -3.5229717e+00
   1.3300000e+01   1.5000000e+00   1.8572825e+00  -4.3059629e+00
   1.3320000e+01   1.5000000e+00   1.8230694e+00  -5.0205279e+00
   1.3340000e+01   1.5000000e+00   1.7595308e+00  -5.6666667e+00
   1.3360000e+01   1.5000000e+00   1.7106549e+00  -6.1857283e+00
   1.3380000e+01   1.5000000e+00   1.6666667e+00  -6.6070381e+00
   1.3400000e+01   1.5000000e+00   1.6129032e+00  -6.9403715e+00
   1.3420000e+01   1.5000000e+00   1.5640274e+00  -7.1661779e+00
   1.3440000e+01   1.5000000e+00   1.5151515e+00  -7.2942326e+00
   1.3460000e+01   1.5000000e+00   1.4662757e+00  -7.3245357e+00
   1.3480000e+01   1.5000000e+00   1.4222874e+00  -7.2570870e+00
   1.3500000e+01   1.5000000e+00   1.3685239e+00  -7.1016618e+00
   1.3520000e+01   1.5000000e+00   1.3245357e+00  -6.8387097e+00
   1.3540000e+01   1.5000000e+00   1.2903226e+00  -6.4877810e+00
   1.3560000e+01   1.5000000e+00   1.2463343e+00  -6.0684262e+00
   1.3580000e+01   1.5000000e+00   1.1974585e+00  -5.5610948e+00
   1.3600000e+01   1.5000000e+00   1.1485826e+00  -4.9560117e+00
   1.3620000e+01   1.5000000e+00   1.1045943e+00  -4.2531769e+00
   1.3640000e+01   1.5000000e+00   1.0654936e+00  -3.4623656e+00
   1.3660000e+01   1.5000000e+00   1.0215054e+00  -2.5933529e+00
   1.3680000e+01   1.5000000e+00   9.8240469e-01  -1.6363636e+00
   1.3700000e+01   1.5000000e+00   9.3352884e-01  -6.0117302e-01
   1.3720000e+01   1.5000000e+00   8.8954057e-01   5.3176931e-01
   1.3740000e+01   1.5000000e+00   8.6510264e-01   1.7526882e+00
   1.3760000e+01   1.5000000e+00   8.6999022e-01   3.0224829e+00
   1.3780000e+01   1.5000000e+00   8.9931574e-01   4.2825024e+00
   1.3800000e+01   1.5000000e+00   9.9217986e-01   5.4838710e+00
   1.3820000e+01   1.5000000e+00   1.1485826e+00   6.4995112e+00
   1.3840000e+01   1.5000000e+00   1.3000978e+00   7.2023460e+00
   1.3860000e+01   1.5000000e+00   1.4418377e+00   7.6021505e+00
   1.3880000e+01   1.5000000e+00   1.5640274e+00   7.7184751e+00
   1.3900000e+01   1.5000000e+00   1.6568915e+00   7.5904203e+00
   1.3920000e+01   1.5000000e+00   1.7790811e+00   7.2766373e+00
   1.3940000e+01   1.5000000e+00   1.8523949e+00   6.7184751e+00
   1.3960000e+01   1.5000000e+00   1.9257087e+00   6.0136852e+00
   1.3980000e+01   1.5000000e+00   1.9794721e+00   5.1622678e+00
   1.4000000e+01   1.5000000e+00   2.0332356e+00   4.2033236e+00
   1.4020000e+01   1.5000000e+00   2.0625611e+00   3.1368524e+00
   1.4040000e+01   1.5000000e+00   2.0772239e+00   2.0117302e+00
   1.4060000e+01   1.5000000e+00   2.0674487e+00   8.5728250e-01
   1.4080000e+01   1.5000000e+00   2.0478983e+00  -2.7761486e-01
   1.4100000e+01   1.5000000e+00   1.9990225e+00  -1.3734115e+00
   1.4120000e+01   1.5000000e+00   1.9550342e+00  -2.3714565e+00
   1.4140000e+01   1.5000000e+00   1.9012708e+00  -3.2815249e+00
   1.4160000e+01   1.5000000e+00   1.8475073e+00  -4.0840665e+00
   1.4180000e+01   1.5000000e+00   1.8035191e+00  -4.7790811e+00
   1.4200000e+01   1.5000000e+00   1.7497556e+00  -5.3861193e+00
   1.4220000e+01   1.5000000e+00   1.6959922e+00  -5.8856305e+00
   1.4240000e+01   1.5000000e+00   1.6568915e+00  -6.2776149e+00
   1.4260000e+01   1.5000000e+00   1.6080156e+00  -6.5913978e+00
   1.4280000e+01   1.5000000e+00   1.5493646e+00  -6.8074291e+00
   1.4300000e+01   1.5000000e+00   1.5053763e+00  -6.9061584e+00
   1.4320000e+01   1.5000000e+00   1.4516129e+00  -6.9169110e+00
   1.4340000e+01   1.5000000e+00   1.4076246e+00  -6.8201369e+00
   1.4360000e+01   1.5000000e+00   1.3538612e+00  -6.6353861e+00
   1.4380000e+01   1.5000000e+00   1.3098729e+00  -6.3431085e+00
   1.4400000e+01   1.5000000e+00   1.2707722e+00  -5.9628543e+00
   1.4420000e+01   1.5000000e+00   1.2365591e+00  -5.5043988e+00
   1.4440000e+01   1.5000000e+00   1.1925709e+00  -4.9775171e+00
   1.4460000e+01   1.5000000e+00   1.1388074e+00  -4.3626588e+00
   1.4480000e+01   1.5000000e+00   1.0997067e+00  -3.6402737e+00
   1.4500000e+01   1.5000000e+00   1.0557185e+00  -2.8396872e+00
   1.4520000e+01   1.5000000e+00   1.0166178e+00  -1.9511241e+00
   1.4540000e+01   1.5000000e+00   9.7751711e-01  -9.8435973e-01
   1.4560000e+01   1.5000000e+00   9.3841642e-01   6.0606061e-02
   1.4580000e+01   1.5000000e+00   8.8954057e-01   1.1837732e+00
   1.4600000e+01   1.5000000e+00   8.6021505e-01   2.4046921e+00
   1.4620000e+01   1.5000000e+00   8.6999022e-01   3.6842620e+00
   1.4640000e+01   1.5000000e+00   9.3352884e-01   4.9442815e+00
   1.4660000e+01   1.5000000e+00   1.0606061e+00   6.0772239e+00
   1.4680000e+01   1.5000000e+00   1.2218964e+00   6.9560117e+00
   1.4700000e+01   1.5000000e+00   1.3782991e+00   7.5122190e+00
   1.4720000e+01   1.5000000e+00   1.5053763e+00   7.7556207e+00
   1.4740000e+01   1.5000000e+00   1.6373412e+00   7.7448680e+00
   1.4760000e+01   1.5000000e+00   1.7350929e+00   7.4701857e+00
   1.4780000e+01   1.5000000e+00   1.8230694e+00   7.0000000e+00
   1.4800000e+01   1.5000000e+00   1.8914956e+00   6.3538612e+00
   1.4820000e+01   1.5000000e+00   1.9550342e+00   5.5708700e+00
   1.4840000e+01   1.5000000e+00   2.0087977e+00   4.6608016e+00
   1.4860000e+01   1.5000000e+00   2.0527859e+00   3.6432063e+00
   1.4880000e+01   1.5000000e+00   2.0723363e+00   2.5376344e+00
   1.4900000e+01   1.5000000e+00   2.0723363e+00   1.3929619e+00
   1.4920000e+01   1.5000000e+00   2.0576735e+00   2.4828935e-01
   1.4940000e+01   1.5000000e+00   2.0381232e+00  -8.6705767e-01
   1.4960000e+01   1.5000000e+00   1.9892473e+00  -1.9433040e+00
   1.4980000e+01   1.5000000e+00   1.9452590e+00  -2.9217986e+00
   1.5000000e+01   1.0000000e+00   1.8817204e+00  -3.8123167e+00
   1.5020000e+01   1.0000000e+00   1.8426197e+00  -5.5757576e+00
   1.5040000e+01   1.0000000e+00   1.7888563e+00  -7.2609971e+00
   1.5060000e+01   1.0000000e+00   1.7253177e+00  -8.8387097e+00
   1.5080000e+01   1.0000000e+00   1.6764418e+00  -1.0289345e+01
   1.5100000e+01   1.0000000e+00   1.6324536e+00  -1.1642229e+01
   1.5120000e+01   1.0000000e+00   1.5933529e+00  -1.2907136e+01
   1.5140000e+01   1.0000000e+00   1.5395894e+00  -1.4093842e+01
   1.5160000e+01   1.0000000e+00   1.4956012e+00  -1.5173021e+01
   1.5180000e+01   1.0000000e+00   1.4467253e+00  -1.6164223e+01
   1.5200000e+01   1.0000000e+00   1.3978495e+00  -1.7057674e+01
   1.5220000e+01   1.0000000e+00   1.3489736e+00  -1.7853372e+01
   1.5240000e+01   1.0000000e+00   1.3000978e+00  -1.8551320e+01
   1.5260000e+01   1.0000000e+00   1.2707722e+00  -1.9151515e+01
   1.5280000e+01   1.0000000e+00   1.2170088e+00  -1.9693060e+01
   1.5300000e+01   1.0000000e+00   1.1779081e+00  -2.0127077e+01
   1.5320000e+01   1.0000000e+00   1.1143695e+00  -2.0482893e+01
   1.5340000e+01   1.0000000e+00   1.0557185e+00  -2.0711632e+01
   1.5360000e+01   1.0000000e+00   1.0215054e+00  -2.0823069e+01
   1.5380000e+01   1.0000000e+00   9.9706745e-01  -2.0866080e+01
   1.5400000e+01   1.0000000e+00   9.6285435e-01  -2.0860215e+01
   1.5420000e+01   1.0000000e+00   9.3352884e-01  -2.0785924e+01
   1.5440000e+01   1.0000000e+00   8.6999022e-01  -2.0652981e+01
   1.5460000e+01   1.0000000e+00   8.2600196e-01  -2.0392962e+01
   1.5480000e+01   1.0000000e+00   8.0156403e-01  -2.0044966e+01
   1.5500000e+01   1.0000000e+00   7.6735093e-01  -1.9648094e+01
   1.5520000e+01   1.0000000e+00   7.3313783e-01  -1.9182796e+01
   1.5540000e+01   1.0000000e+00   6.8914956e-01  -1.8649071e+01
   1.5560000e+01   1.0000000e+00   6.6471163e-01  -1.8027370e+01
   1.5580000e+01   1.0000000e+00   5.8651026e-01  -1.7356794e+01
   1.5600000e+01   1.0000000e+00   5.6695992e-01  -1.6529814e+01
   1.5620000e+01   1.0000000e+00   5.2785924e-01  -1.5663734e+01
   1.5640000e+01   1.0000000e+00   4.9853372e-01  -1.4719453e+01
   1.5660000e+01   1.0000000e+00   4.6920821e-01  -1.3716520e+01
   1.5680000e+01   1.0000000e+00   4.3010753e-01  -1.2654936e+01
   1.5700000e+01   1.0000000e+00   3.8611926e-01  -1.1515152e+01
   1.5720000e+01   1.0000000e+00   3.5679374e-01  -1.0287390e+01
   1.5740000e+01   1.0000000e+00   3.2746823e-01  -9.0009775e+00
   1.5760000e+01   1.0000000e+00   3.0791789e-01  -7.6559140e+00
   1.5780000e+01   1.0000000e+00   2.6392962e-01  -6.2717498e+00
   1.5800000e+01   1.0000000e+00   2.3949169e-01  -4.7996090e+00
   1.5820000e+01   1.0000000e+00   2.0527859e-01  -3.2785924e+00
   1.5840000e+01   1.0000000e+00   1.7106549e-01  -1.6891496e+00
   1.5860000e+01   1.0000000e+00   1.3196481e-01  -3.1280547e-02
   1.5880000e+01   1.0000000e+00   1.0752688e-01   1.7047898e+00
   1.5900000e+01   1.0000000e+00   1.2707722e-01   3.4897361e+00
   1.5920000e+01   1.0000000e+00   2.0039101e-01   5.2355816e+00
   1.5940000e+01   1.0000000e+00   3.7634409e-01   6.8347996e+00
   1.5960000e+01   1.0000000e+00   6.2072336e-01   8.0821114e+00
   1.5980000e+01   1.0000000e+00   7.8201369e-01   8.8406647e+00
   1.6000000e+01   1.0000000e+00   9.8240469e-01   9.2766373e+00
   1.6020000e+01   1.0000000e+00   1.1583578e+00   9.3118280e+00
   1.6040000e+01   1.0000000e+00   1.3343109e+00   8.9951124e+00
   1.6060000e+01   1.0000000e+00   1.4516129e+00   8.3264907e+00
   1.6080000e+01   1.0000000e+00   1.5933529e+00   7.4232649e+00
   1.6100000e+01   1.0000000e+00   1.7106549e+00   6.2365591e+00
   1.6120000e+01   1.0000000e+00   1.8084066e+00   4.8152493e+00
   1.6140000e+01   1.0000000e+00   1.8817204e+00   3.1984360e+00
   1.6160000e+01   1.0000000e+00   1.9159335e+00   1.4349951e+00
   1.6180000e+01   1.0000000e+00   1.9305963e+00  -3.9687195e-01
   1.6200000e+01   1.0000000e+00   1.9012708e+00  -2.2580645e+00
   1.6220000e+01   1.0000000e+00   1.8523949e+00  -4.0606061e+00
   1.6240000e+01   1.0000000e+00   1.8181818e+00  -5.7653959e+00
   1.6260000e+01   1.0000000e+00   1.7546432e+00  -7.4017595e+00
   1.6280000e+01   1.0000000e+00   1.7057674e+00  -8.9110459e+00
   1.6300000e+01   1.0000000e+00   1.6471163e+00  -1.0322581e+01
   1.6320000e+01   1.0000000e+00   1.5933529e+00  -1.1616813e+01
   1.6340000e+01   1.0000000e+00   1.5640274e+00  -1.2803519e+01
   1.6360000e+01   1.0000000e+00   1.5102639e+00  -1.3931574e+01
   1.6380000e+01   1.0000000e+00   1.4613881e+00  -1.4952102e+01
   1.6400000e+01   1.0000000e+00   1.4125122e+00  -1.5874878e+01
   1.6420000e+01   1.0000000e+00   1.3587488e+00  -1.6699902e+01
   1.6440000e+01   1.0000000e+00   1.3098729e+00  -1.7417400e+01
   1.6460000e+01   1.0000000e+00   1.2658847e+00  -1.8037146e+01
   1.6480000e+01   1.0000000e+00   1.2267840e+00  -1.8568915e+01
   1.6500000e+01   1.0000000e+00   1.1876833e+00  -1.9022483e+01
   1.6520000e+01   1.0000000e+00   1.1388074e+00  -1.9397849e+01
   1.6540000e+01   1.0000000e+00   1.0948192e+00  -1.9675464e+01
   1.6560000e+01   1.0000000e+00   1.0557185e+00  -1.9865103e+01
   1.6580000e+01   1.0000000e+00   1.0215054e+00  -1.9976540e+01
   1.6600000e+01   1.0000000e+00   9.7262952e-01  -2.0019550e+01
   1.6620000e+01   1.0000000e+00   9.3352884e-01  -1.9964809e+01
   1.6640000e+01   1.0000000e+00   8.8954057e-01  -1.9831867e+01
   1.6660000e+01   1.0000000e+00   8.5532747e-01  -1.9610948e+01
   1.6680000e+01   1.0000000e+00   8.1622678e-01  -1.9321603e+01
   1.6700000e+01   1.0000000e+00   7.8201369e-01  -1.8954057e+01
   1.6720000e+01   1.0000000e+00   7.3802542e-01  -1.8518084e+01
   1.6740000e+01   1.0000000e+00   6.8914956e-01  -1.7994135e+01
   1.6760000e+01   1.0000000e+00   6.5493646e-01  -1.7372434e+01
   1.6780000e+01   1.0000000e+00   6.2072336e-01  -1.6682307e+01
   1.6800000e+01   1.0000000e+00   5.7673509e-01  -1.5923754e+01
   1.6820000e+01   1.0000000e+00   5.5229717e-01  -1.5077224e+01
   1.6840000e+01   1.0000000e+00   5.1808407e-01  -1.4181818e+01
   1.6860000e+01   1.0000000e+00   4.8387097e-01  -1.3217986e+01
   1.6880000e+01   1.0000000e+00   4.4477028e-01  -1.2185728e+01
   1.6900000e+01   1.0000000e+00   4.1055718e-01  -1.1075269e+01
   1.6920000e+01   1.0000000e+00   3.7634409e-01  -9.8963832e+00
   1.6940000e+01   1.0000000e+00   3.3724340e-01  -8.6490714e+00
   1.6960000e+01   1.0000000e+00   3.0791789e-01  -7.3235582e+00
   1.6980000e+01   1.0000000e+00   2.6881720e-01  -5.9393939e+00
   1.7000000e+01   1.0000000e+00   2.4437928e-01  -4.4770283e+00
   1.7020000e+01   1.0000000e+00   2.0039101e-01  -2.9657869e+00
   1.7040000e+01   1.0000000e+00   1.7106549e-01  -1.3665689e+00
   1.7060000e+01   1.0000000e+00   1.4173998e-01   2.9130010e-01
   1.7080000e+01   1.0000000e+00   1.1730205e-01   2.0078201e+00
   1.7100000e+01   1.0000000e+00   1.2707722e-01   3.7732160e+00
   1.7120000e+01   1.0000000e+00   2.0527859e-01   5.5190616e+00
   1.7140000e+01   1.0000000e+00   4.0078201e-01   7.1085044e+00
   1.7160000e+01   1.0000000e+00   5.5718475e-01   8.3069404e+00
   1.7180000e+01   1.0000000e+00   7.9667644e-01   9.1925709e+00
   1.7200000e+01   1.0000000e+00   9.6285435e-01   9.5992180e+00
   1.7220000e+01   1.0000000e+00   1.1583578e+00   9.6735093e+00
   1.7240000e+01   1.0000000e+00   1.3391984e+00   9.3567937e+00
   1.7260000e+01   1.0000000e+00   1.4662757e+00   8.6783969e+00
   1.7280000e+01   1.0000000e+00   1.5982405e+00   7.7458456e+00
   1.7300000e+01   1.0000000e+00   1.7057674e+00   6.5493646e+00
   1.7320000e+01   1.0000000e+00   1.7839687e+00   5.1378299e+00
   1.7340000e+01   1.0000000e+00   1.8817204e+00   3.5698925e+00
   1.7360000e+01   1.0000000e+00   1.9354839e+00   1.8064516e+00
   1.7380000e+01   1.0000000e+00   1.9550342e+00  -6.4516129e-02
   1.7400000e+01   1.0000000e+00   1.9354839e+00  -1.9745846e+00
   1.7420000e+01   1.0000000e+00   1.8963832e+00  -3.8455523e+00
   1.7440000e+01   1.0000000e+00   1.8475073e+00  -5.6383187e+00
   1.7460000e+01   1.0000000e+00   1.8035191e+00  -7.3333333e+00
   1.7480000e+01   1.0000000e+00   1.7350929e+00  -8.9403715e+00
   1.7500000e+01   1.0000000e+00   1.6813294e+00  -1.0410557e+01
   1.7520000e+01   1.0000000e+00   1.6226784e+00  -1.1773216e+01
   1.7540000e+01   1.0000000e+00   1.5835777e+00  -1.3018573e+01
   1.7560000e+01   1.0000000e+00   1.5493646e+00  -1.4185728e+01
   1.7580000e+01   1.0000000e+00   1.4956012e+00  -1.5284457e+01
   1.7600000e+01   1.0000000e+00   1.4565005e+00  -1.6275660e+01
   1.7620000e+01   1.0000000e+00   1.3978495e+00  -1.7188661e+01
   1.7640000e+01   1.0000000e+00   1.3587488e+00  -1.7984360e+01
   1.7660000e+01   1.0000000e+00   1.3000978e+00  -1.8701857e+01
   1.7680000e+01   1.0000000e+00   1.2561095e+00  -1.9302053e+01
   1.7700000e+01   1.0000000e+00   1.2218964e+00  -1.9814272e+01
   1.7720000e+01   1.0000000e+00   1.1681329e+00  -2.0258065e+01
   1.7740000e+01   1.0000000e+00   1.1339198e+00  -2.0594330e+01
   1.7760000e+01   1.0000000e+00   1.0801564e+00  -2.0862170e+01
   1.7780000e+01   1.0000000e+00   1.0508309e+00  -2.1022483e+01
   1.7800000e+01   1.0000000e+00   1.0215054e+00  -2.1124145e+01
   1.7820000e+01   1.0000000e+00   9.7751711e-01  -2.1167155e+01
   1.7840000e+01   1.0000000e+00   8.9442815e-01  -2.1122190e+01
   1.7860000e+01   1.0000000e+00   8.4555230e-01  -2.0911046e+01
   1.7880000e+01   1.0000000e+00   8.0156403e-01  -2.0602151e+01
   1.7900000e+01   1.0000000e+00   7.6735093e-01  -2.0205279e+01
   1.7920000e+01   1.0000000e+00   7.2825024e-01  -1.9739980e+01
   1.7940000e+01   1.0000000e+00   6.8426197e-01  -1.9196481e+01
   1.7960000e+01   1.0000000e+00   6.3538612e-01  -1.8565005e+01
   1.7980000e+01   1.0000000e+00   5.9628543e-01  -1.7835777e+01
   1.8000000e+01   1.0000000e+00   5.7184751e-01  -1.7028348e+01
   1.8020000e+01   1.0000000e+00   5.3763441e-01  -1.6172043e+01
   1.8040000e+01   1.0000000e+00   5.0342131e-01  -1.5247312e+01
   1.8060000e+01   1.0000000e+00   4.6920821e-01  -1.4254154e+01
   1.8080000e+01   1.0000000e+00   4.2521994e-01  -1.3192571e+01
   1.8100000e+01   1.0000000e+00   4.0078201e-01  -1.2043011e+01
   1.8120000e+01   1.0000000e+00   3.5679374e-01  -1.0844575e+01
   1.8140000e+01   1.0000000e+00   3.2746823e-01  -9.5581623e+00
   1.8160000e+01   1.0000000e+00   2.9325513e-01  -8.2130987e+00
   1.8180000e+01   1.0000000e+00   2.7370479e-01  -6.7996090e+00
   1.8200000e+01   1.0000000e+00   2.4437928e-01  -5.3470186e+00
   1.8220000e+01   1.0000000e+00   2.1505376e-01  -3.8357771e+00
   1.8240000e+01   1.0000000e+00   1.7595308e-01  -2.2658847e+00
   1.8260000e+01   1.0000000e+00   1.5640274e-01  -6.1779081e-01
   1.8280000e+01   1.0000000e+00   1.3196481e-01   1.0694037e+00
   1.8300000e+01   1.0000000e+00   1.1241447e-01   2.8054741e+00
   1.8320000e+01   1.0000000e+00   1.3196481e-01   4.5806452e+00
   1.8340000e+01   1.0000000e+00   2.4926686e-01   6.3167155e+00
   1.8360000e+01   1.0000000e+00   4.3499511e-01   7.8181818e+00
   1.8380000e+01   1.0000000e+00   6.7937439e-01   8.9481916e+00
   1.8400000e+01   1.0000000e+00   8.8465298e-01   9.5894428e+00
   1.8420000e+01   1.0000000e+00   1.0703812e+00   9.8201369e+00
   1.8440000e+01   1.0000000e+00   1.2316716e+00   9.6793744e+00
   1.8460000e+01   1.0000000e+00   1.4027370e+00   9.2160313e+00
   1.8480000e+01   1.0000000e+00   1.5347019e+00   8.4105572e+00
   1.8500000e+01   1.0000000e+00   1.6520039e+00   7.3411535e+00
   1.8520000e+01   1.0000000e+00   1.7155425e+00   6.0371457e+00
   1.8540000e+01   1.0000000e+00   1.8181818e+00   4.6060606e+00
   1.8560000e+01   1.0000000e+00   1.8768328e+00   2.9696970e+00
   1.8580000e+01   1.0000000e+00   1.9257087e+00   1.2160313e+00
   1.8600000e+01   1.0000000e+00   1.9403715e+00  -6.3538612e-01
   1.8620000e+01   1.0000000e+00   1.9012708e+00  -2.5161290e+00
   1.8640000e+01   1.0000000e+00   1.8670577e+00  -4.3186706e+00
   1.8660000e+01   1.0000000e+00   1.8132942e+00  -6.0527859e+00
   1.8680000e+01   1.0000000e+00   1.7644184e+00  -7.6793744e+00
   1.8700000e+01   1.0000000e+00   1.7106549e+00  -9.2082111e+00
   1.8720000e+01   1.0000000e+00   1.6471163e+00  -1.0629521e+01
   1.8740000e+01   1.0000000e+00   1.6031281e+00  -1.1923754e+01
   1.8760000e+01   1.0000000e+00   1.5542522e+00  -1.3130010e+01
   1.8780000e+01   1.0000000e+00   1.5102639e+00  -1.4238514e+01
   1.8800000e+01   1.0000000e+00   1.4516129e+00  -1.5259042e+01
   1.8820000e+01   1.0000000e+00   1.4027370e+00  -1.6162268e+01
   1.8840000e+01   1.0000000e+00   1.3538612e+00  -1.6967742e+01
   1.8860000e+01   1.0000000e+00   1.3196481e+00  -1.7675464e+01
   1.8880000e+01   1.0000000e+00   1.2756598e+00  -1.8314761e+01
   1.8900000e+01   1.0000000e+00   1.2316716e+00  -1.8866080e+01
   1.8920000e+01   1.0000000e+00   1.1827957e+00  -1.9329423e+01
   1.8940000e+01   1.0000000e+00   1.1436950e+00  -1.9695015e+01
   1.8960000e+01   1.0000000e+00   1.0850440e+00  -1.9982405e+01
   1.8980000e+01   1.0000000e+00   1.0508309e+00  -2.0152493e+01
   1.9000000e+01   1.0000000e+00   1.0117302e+00  -2.0254154e+01
   1.9020000e+01   1.0000000e+00   9.5307918e-01  -2.0277615e+01
   1.9040000e+01   1.0000000e+00   8.9931574e-01  -2.0183773e+01
   1.9060000e+01   1.0000000e+00   8.5532747e-01  -1.9982405e+01
   1.9080000e+01   1.0000000e+00   8.1622678e-01  -1.9693060e+01
   1.9100000e+01   1.0000000e+00   7.8201369e-01  -1.9325513e+01
   1.9120000e+01   1.0000000e+00   7.3313783e-01  -1.8889541e+01
   1.9140000e+01   1.0000000e+00   7.0381232e-01  -1.8355816e+01
   1.9160000e+01   1.0000000e+00   6.6471163e-01  -1.7763441e+01
   1.9180000e+01   1.0000000e+00   6.2561095e-01  -1.7092864e+01
   1.9200000e+01   1.0000000e+00   5.9139785e-01  -1.6344086e+01
   1.9220000e+01   1.0000000e+00   5.7184751e-01  -1.5526882e+01
   1.9240000e+01   1.0000000e+00   5.4252199e-01  -1.4670577e+01
   1.9260000e+01   1.0000000e+00   4.9853372e-01  -1.3755621e+01
   1.9280000e+01   1.0000000e+00   4.6432063e-01  -1.2752688e+01
   1.9300000e+01   1.0000000e+00   4.3988270e-01  -1.1681329e+01
   1.9320000e+01   1.0000000e+00   4.0078201e-01  -1.0561095e+01
   1.9340000e+01   1.0000000e+00   3.7145650e-01  -9.3626588e+00
   1.9360000e+01   1.0000000e+00   3.2746823e-01  -8.1055718e+00
   1.9380000e+01   1.0000000e+00   3.0791789e-01  -6.7605083e+00
   1.9400000e+01   1.0000000e+00   2.6881720e-01  -5.3763441e+00
   1.9420000e+01   1.0000000e+00   2.3949169e-01  -3.9139785e+00
   1.9440000e+01   1.0000000e+00   2.1016618e-01  -2.3929619e+00
   1.9460000e+01   1.0000000e+00   1.7595308e-01  -8.1329423e-01
   1.9480000e+01   1.0000000e+00   1.3685239e-01   8.3479961e-01
   1.9500000e+01   1.0000000e+00   1.1241447e-01   2.5610948e+00
   1.9520000e+01   1.0000000e+00   1.5640274e-01   4.3362659e+00
   1.9540000e+01   1.0000000e+00   2.8836755e-01   6.0234604e+00
   1.9560000e+01   1.0000000e+00   4.3988270e-01   7.4467253e+00
   1.9580000e+01   1.0000000e+00   6.7937439e-01   8.5669599e+00
   1.9600000e+01   1.0000000e+00   8.8465298e-01   9.2082111e+00
   1.9620000e+01   1.0000000e+00   1.0801564e+00   9.4389052e+00
   1.9640000e+01   1.0000000e+00   1.2365591e+00   9.2785924e+00
   1.9660000e+01   1.0000000e+00   1.3880743e+00   8.8054741e+00
   1.9680000e+01   1.0000000e+00   1.5200391e+00   8.0293255e+00
   1.9700000e+01   1.0000000e+00   1.6373412e+00   6.9892473e+00
   1.9720000e+01   1.0000000e+00   1.7204301e+00   5.7145650e+00
   1.9740000e+01   1.0000000e+00   1.8084066e+00   4.2737048e+00
   1.9760000e+01   1.0000000e+00   1.8768328e+00   2.6568915e+00
   1.9780000e+01   1.0000000e+00   1.9159335e+00   9.0322581e-01
   1.9800000e+01   1.0000000e+00   1.9012708e+00  -9.2864125e-01
   1.9820000e+01   1.0000000e+00   1.8719453e+00  -2.7311828e+00
   1.9840000e+01   1.0000000e+00   1.8279570e+00  -4.4750733e+00
   1.9860000e+01   1.0000000e+00   1.7888563e+00  -6.1309873e+00
   1.9880000e+01   1.0000000e+00   1.7204301e+00  -7.7086999e+00
   1.9900000e+01   1.0000000e+00   1.6666667e+00  -9.1495601e+00
   1.9920000e+01   1.0000000e+00   1.6177908e+00  -1.0482893e+01
   1.9940000e+01   1.0000000e+00   1.5689150e+00  -1.1718475e+01
   1.9960000e+01   1.0000000e+00   1.5151515e+00  -1.2856305e+01
   1.9980000e+01   1.0000000e+00   1.4711632e+00  -1.3886608e+01
   2.0000000e+01   1.5000000e+00   1.4173998e+00  -1.4828935e+01
